time 2019-02-27 16:22:34
32_32_CENTRAL_CLUSTERED_LVLCV_UNITARY_thre0.1
robNum  32
taskNum  32
comp_threhold  0.1
rob2tskDis  40.19950248448356 28.284271247461902 46.57252408878007 18.867962264113206 43.41658669218482 32.7566787083184 48.30113870293329 17.029386365926403 50.24937810560445 17.029386365926403 25.298221281347036 24.186773244895647 20.8806130178211 14.866068747318506 41.23105625617661 35.90264614203248 38.47076812334269 50.28916384272063 45.044422518220834 21.93171219946131 42.5440947723653 42.5205832509386 36.05551275463989 50.00999900019995 51.62363799656123 43.382023926967726 24.351591323771842 48.38388161361178 19.1049731745428 26.019223662515376 24.020824298928627 46.389654018972806 40.19950248448356 28.284271247461902 46.57252408878007 18.867962264113206 43.41658669218482 32.7566787083184 48.30113870293329 17.029386365926403 50.24937810560445 17.029386365926403 25.298221281347036 24.186773244895647 20.8806130178211 14.866068747318506 41.23105625617661 35.90264614203248 38.47076812334269 50.28916384272063 45.044422518220834 21.93171219946131 42.5440947723653 42.5205832509386 36.05551275463989 50.00999900019995 51.62363799656123 43.382023926967726 24.351591323771842 48.38388161361178 19.1049731745428 26.019223662515376 24.020824298928627 46.389654018972806 40.19950248448356 28.284271247461902 46.57252408878007 18.867962264113206 43.41658669218482 32.7566787083184 48.30113870293329 17.029386365926403 50.24937810560445 17.029386365926403 25.298221281347036 24.186773244895647 20.8806130178211 14.866068747318506 41.23105625617661 35.90264614203248 38.47076812334269 50.28916384272063 45.044422518220834 21.93171219946131 42.5440947723653 42.5205832509386 36.05551275463989 50.00999900019995 51.62363799656123 43.382023926967726 24.351591323771842 48.38388161361178 19.1049731745428 26.019223662515376 24.020824298928627 46.389654018972806 40.19950248448356 28.284271247461902 46.57252408878007 18.867962264113206 43.41658669218482 32.7566787083184 48.30113870293329 17.029386365926403 50.24937810560445 17.029386365926403 25.298221281347036 24.186773244895647 20.8806130178211 14.866068747318506 41.23105625617661 35.90264614203248 38.47076812334269 50.28916384272063 45.044422518220834 21.93171219946131 42.5440947723653 42.5205832509386 36.05551275463989 50.00999900019995 51.62363799656123 43.382023926967726 24.351591323771842 48.38388161361178 19.1049731745428 26.019223662515376 24.020824298928627 46.389654018972806 40.19950248448356 28.284271247461902 46.57252408878007 18.867962264113206 43.41658669218482 32.7566787083184 48.30113870293329 17.029386365926403 50.24937810560445 17.029386365926403 25.298221281347036 24.186773244895647 20.8806130178211 14.866068747318506 41.23105625617661 35.90264614203248 38.47076812334269 50.28916384272063 45.044422518220834 21.93171219946131 42.5440947723653 42.5205832509386 36.05551275463989 50.00999900019995 51.62363799656123 43.382023926967726 24.351591323771842 48.38388161361178 19.1049731745428 26.019223662515376 24.020824298928627 46.389654018972806 40.19950248448356 28.284271247461902 46.57252408878007 18.867962264113206 43.41658669218482 32.7566787083184 48.30113870293329 17.029386365926403 50.24937810560445 17.029386365926403 25.298221281347036 24.186773244895647 20.8806130178211 14.866068747318506 41.23105625617661 35.90264614203248 38.47076812334269 50.28916384272063 45.044422518220834 21.93171219946131 42.5440947723653 42.5205832509386 36.05551275463989 50.00999900019995 51.62363799656123 43.382023926967726 24.351591323771842 48.38388161361178 19.1049731745428 26.019223662515376 24.020824298928627 46.389654018972806 40.19950248448356 28.284271247461902 46.57252408878007 18.867962264113206 43.41658669218482 32.7566787083184 48.30113870293329 17.029386365926403 50.24937810560445 17.029386365926403 25.298221281347036 24.186773244895647 20.8806130178211 14.866068747318506 41.23105625617661 35.90264614203248 38.47076812334269 50.28916384272063 45.044422518220834 21.93171219946131 42.5440947723653 42.5205832509386 36.05551275463989 50.00999900019995 51.62363799656123 43.382023926967726 24.351591323771842 48.38388161361178 19.1049731745428 26.019223662515376 24.020824298928627 46.389654018972806 40.19950248448356 28.284271247461902 46.57252408878007 18.867962264113206 43.41658669218482 32.7566787083184 48.30113870293329 17.029386365926403 50.24937810560445 17.029386365926403 25.298221281347036 24.186773244895647 20.8806130178211 14.866068747318506 41.23105625617661 35.90264614203248 38.47076812334269 50.28916384272063 45.044422518220834 21.93171219946131 42.5440947723653 42.5205832509386 36.05551275463989 50.00999900019995 51.62363799656123 43.382023926967726 24.351591323771842 48.38388161361178 19.1049731745428 26.019223662515376 24.020824298928627 46.389654018972806 40.19950248448356 28.284271247461902 46.57252408878007 18.867962264113206 43.41658669218482 32.7566787083184 48.30113870293329 17.029386365926403 50.24937810560445 17.029386365926403 25.298221281347036 24.186773244895647 20.8806130178211 14.866068747318506 41.23105625617661 35.90264614203248 38.47076812334269 50.28916384272063 45.044422518220834 21.93171219946131 42.5440947723653 42.5205832509386 36.05551275463989 50.00999900019995 51.62363799656123 43.382023926967726 24.351591323771842 48.38388161361178 19.1049731745428 26.019223662515376 24.020824298928627 46.389654018972806 40.19950248448356 28.284271247461902 46.57252408878007 18.867962264113206 43.41658669218482 32.7566787083184 48.30113870293329 17.029386365926403 50.24937810560445 17.029386365926403 25.298221281347036 24.186773244895647 20.8806130178211 14.866068747318506 41.23105625617661 35.90264614203248 38.47076812334269 50.28916384272063 45.044422518220834 21.93171219946131 42.5440947723653 42.5205832509386 36.05551275463989 50.00999900019995 51.62363799656123 43.382023926967726 24.351591323771842 48.38388161361178 19.1049731745428 26.019223662515376 24.020824298928627 46.389654018972806 40.19950248448356 28.284271247461902 46.57252408878007 18.867962264113206 43.41658669218482 32.7566787083184 48.30113870293329 17.029386365926403 50.24937810560445 17.029386365926403 25.298221281347036 24.186773244895647 20.8806130178211 14.866068747318506 41.23105625617661 35.90264614203248 38.47076812334269 50.28916384272063 45.044422518220834 21.93171219946131 42.5440947723653 42.5205832509386 36.05551275463989 50.00999900019995 51.62363799656123 43.382023926967726 24.351591323771842 48.38388161361178 19.1049731745428 26.019223662515376 24.020824298928627 46.389654018972806 40.19950248448356 28.284271247461902 46.57252408878007 18.867962264113206 43.41658669218482 32.7566787083184 48.30113870293329 17.029386365926403 50.24937810560445 17.029386365926403 25.298221281347036 24.186773244895647 20.8806130178211 14.866068747318506 41.23105625617661 35.90264614203248 38.47076812334269 50.28916384272063 45.044422518220834 21.93171219946131 42.5440947723653 42.5205832509386 36.05551275463989 50.00999900019995 51.62363799656123 43.382023926967726 24.351591323771842 48.38388161361178 19.1049731745428 26.019223662515376 24.020824298928627 46.389654018972806 40.19950248448356 28.284271247461902 46.57252408878007 18.867962264113206 43.41658669218482 32.7566787083184 48.30113870293329 17.029386365926403 50.24937810560445 17.029386365926403 25.298221281347036 24.186773244895647 20.8806130178211 14.866068747318506 41.23105625617661 35.90264614203248 38.47076812334269 50.28916384272063 45.044422518220834 21.93171219946131 42.5440947723653 42.5205832509386 36.05551275463989 50.00999900019995 51.62363799656123 43.382023926967726 24.351591323771842 48.38388161361178 19.1049731745428 26.019223662515376 24.020824298928627 46.389654018972806 40.19950248448356 28.284271247461902 46.57252408878007 18.867962264113206 43.41658669218482 32.7566787083184 48.30113870293329 17.029386365926403 50.24937810560445 17.029386365926403 25.298221281347036 24.186773244895647 20.8806130178211 14.866068747318506 41.23105625617661 35.90264614203248 38.47076812334269 50.28916384272063 45.044422518220834 21.93171219946131 42.5440947723653 42.5205832509386 36.05551275463989 50.00999900019995 51.62363799656123 43.382023926967726 24.351591323771842 48.38388161361178 19.1049731745428 26.019223662515376 24.020824298928627 46.389654018972806 40.19950248448356 28.284271247461902 46.57252408878007 18.867962264113206 43.41658669218482 32.7566787083184 48.30113870293329 17.029386365926403 50.24937810560445 17.029386365926403 25.298221281347036 24.186773244895647 20.8806130178211 14.866068747318506 41.23105625617661 35.90264614203248 38.47076812334269 50.28916384272063 45.044422518220834 21.93171219946131 42.5440947723653 42.5205832509386 36.05551275463989 50.00999900019995 51.62363799656123 43.382023926967726 24.351591323771842 48.38388161361178 19.1049731745428 26.019223662515376 24.020824298928627 46.389654018972806 40.19950248448356 28.284271247461902 46.57252408878007 18.867962264113206 43.41658669218482 32.7566787083184 48.30113870293329 17.029386365926403 50.24937810560445 17.029386365926403 25.298221281347036 24.186773244895647 20.8806130178211 14.866068747318506 41.23105625617661 35.90264614203248 38.47076812334269 50.28916384272063 45.044422518220834 21.93171219946131 42.5440947723653 42.5205832509386 36.05551275463989 50.00999900019995 51.62363799656123 43.382023926967726 24.351591323771842 48.38388161361178 19.1049731745428 26.019223662515376 24.020824298928627 46.389654018972806 40.19950248448356 28.284271247461902 46.57252408878007 18.867962264113206 43.41658669218482 32.7566787083184 48.30113870293329 17.029386365926403 50.24937810560445 17.029386365926403 25.298221281347036 24.186773244895647 20.8806130178211 14.866068747318506 41.23105625617661 35.90264614203248 38.47076812334269 50.28916384272063 45.044422518220834 21.93171219946131 42.5440947723653 42.5205832509386 36.05551275463989 50.00999900019995 51.62363799656123 43.382023926967726 24.351591323771842 48.38388161361178 19.1049731745428 26.019223662515376 24.020824298928627 46.389654018972806 40.19950248448356 28.284271247461902 46.57252408878007 18.867962264113206 43.41658669218482 32.7566787083184 48.30113870293329 17.029386365926403 50.24937810560445 17.029386365926403 25.298221281347036 24.186773244895647 20.8806130178211 14.866068747318506 41.23105625617661 35.90264614203248 38.47076812334269 50.28916384272063 45.044422518220834 21.93171219946131 42.5440947723653 42.5205832509386 36.05551275463989 50.00999900019995 51.62363799656123 43.382023926967726 24.351591323771842 48.38388161361178 19.1049731745428 26.019223662515376 24.020824298928627 46.389654018972806 40.19950248448356 28.284271247461902 46.57252408878007 18.867962264113206 43.41658669218482 32.7566787083184 48.30113870293329 17.029386365926403 50.24937810560445 17.029386365926403 25.298221281347036 24.186773244895647 20.8806130178211 14.866068747318506 41.23105625617661 35.90264614203248 38.47076812334269 50.28916384272063 45.044422518220834 21.93171219946131 42.5440947723653 42.5205832509386 36.05551275463989 50.00999900019995 51.62363799656123 43.382023926967726 24.351591323771842 48.38388161361178 19.1049731745428 26.019223662515376 24.020824298928627 46.389654018972806 40.19950248448356 28.284271247461902 46.57252408878007 18.867962264113206 43.41658669218482 32.7566787083184 48.30113870293329 17.029386365926403 50.24937810560445 17.029386365926403 25.298221281347036 24.186773244895647 20.8806130178211 14.866068747318506 41.23105625617661 35.90264614203248 38.47076812334269 50.28916384272063 45.044422518220834 21.93171219946131 42.5440947723653 42.5205832509386 36.05551275463989 50.00999900019995 51.62363799656123 43.382023926967726 24.351591323771842 48.38388161361178 19.1049731745428 26.019223662515376 24.020824298928627 46.389654018972806 40.19950248448356 28.284271247461902 46.57252408878007 18.867962264113206 43.41658669218482 32.7566787083184 48.30113870293329 17.029386365926403 50.24937810560445 17.029386365926403 25.298221281347036 24.186773244895647 20.8806130178211 14.866068747318506 41.23105625617661 35.90264614203248 38.47076812334269 50.28916384272063 45.044422518220834 21.93171219946131 42.5440947723653 42.5205832509386 36.05551275463989 50.00999900019995 51.62363799656123 43.382023926967726 24.351591323771842 48.38388161361178 19.1049731745428 26.019223662515376 24.020824298928627 46.389654018972806 40.19950248448356 28.284271247461902 46.57252408878007 18.867962264113206 43.41658669218482 32.7566787083184 48.30113870293329 17.029386365926403 50.24937810560445 17.029386365926403 25.298221281347036 24.186773244895647 20.8806130178211 14.866068747318506 41.23105625617661 35.90264614203248 38.47076812334269 50.28916384272063 45.044422518220834 21.93171219946131 42.5440947723653 42.5205832509386 36.05551275463989 50.00999900019995 51.62363799656123 43.382023926967726 24.351591323771842 48.38388161361178 19.1049731745428 26.019223662515376 24.020824298928627 46.389654018972806 40.19950248448356 28.284271247461902 46.57252408878007 18.867962264113206 43.41658669218482 32.7566787083184 48.30113870293329 17.029386365926403 50.24937810560445 17.029386365926403 25.298221281347036 24.186773244895647 20.8806130178211 14.866068747318506 41.23105625617661 35.90264614203248 38.47076812334269 50.28916384272063 45.044422518220834 21.93171219946131 42.5440947723653 42.5205832509386 36.05551275463989 50.00999900019995 51.62363799656123 43.382023926967726 24.351591323771842 48.38388161361178 19.1049731745428 26.019223662515376 24.020824298928627 46.389654018972806 40.19950248448356 28.284271247461902 46.57252408878007 18.867962264113206 43.41658669218482 32.7566787083184 48.30113870293329 17.029386365926403 50.24937810560445 17.029386365926403 25.298221281347036 24.186773244895647 20.8806130178211 14.866068747318506 41.23105625617661 35.90264614203248 38.47076812334269 50.28916384272063 45.044422518220834 21.93171219946131 42.5440947723653 42.5205832509386 36.05551275463989 50.00999900019995 51.62363799656123 43.382023926967726 24.351591323771842 48.38388161361178 19.1049731745428 26.019223662515376 24.020824298928627 46.389654018972806 40.19950248448356 28.284271247461902 46.57252408878007 18.867962264113206 43.41658669218482 32.7566787083184 48.30113870293329 17.029386365926403 50.24937810560445 17.029386365926403 25.298221281347036 24.186773244895647 20.8806130178211 14.866068747318506 41.23105625617661 35.90264614203248 38.47076812334269 50.28916384272063 45.044422518220834 21.93171219946131 42.5440947723653 42.5205832509386 36.05551275463989 50.00999900019995 51.62363799656123 43.382023926967726 24.351591323771842 48.38388161361178 19.1049731745428 26.019223662515376 24.020824298928627 46.389654018972806 40.19950248448356 28.284271247461902 46.57252408878007 18.867962264113206 43.41658669218482 32.7566787083184 48.30113870293329 17.029386365926403 50.24937810560445 17.029386365926403 25.298221281347036 24.186773244895647 20.8806130178211 14.866068747318506 41.23105625617661 35.90264614203248 38.47076812334269 50.28916384272063 45.044422518220834 21.93171219946131 42.5440947723653 42.5205832509386 36.05551275463989 50.00999900019995 51.62363799656123 43.382023926967726 24.351591323771842 48.38388161361178 19.1049731745428 26.019223662515376 24.020824298928627 46.389654018972806 40.19950248448356 28.284271247461902 46.57252408878007 18.867962264113206 43.41658669218482 32.7566787083184 48.30113870293329 17.029386365926403 50.24937810560445 17.029386365926403 25.298221281347036 24.186773244895647 20.8806130178211 14.866068747318506 41.23105625617661 35.90264614203248 38.47076812334269 50.28916384272063 45.044422518220834 21.93171219946131 42.5440947723653 42.5205832509386 36.05551275463989 50.00999900019995 51.62363799656123 43.382023926967726 24.351591323771842 48.38388161361178 19.1049731745428 26.019223662515376 24.020824298928627 46.389654018972806 40.19950248448356 28.284271247461902 46.57252408878007 18.867962264113206 43.41658669218482 32.7566787083184 48.30113870293329 17.029386365926403 50.24937810560445 17.029386365926403 25.298221281347036 24.186773244895647 20.8806130178211 14.866068747318506 41.23105625617661 35.90264614203248 38.47076812334269 50.28916384272063 45.044422518220834 21.93171219946131 42.5440947723653 42.5205832509386 36.05551275463989 50.00999900019995 51.62363799656123 43.382023926967726 24.351591323771842 48.38388161361178 19.1049731745428 26.019223662515376 24.020824298928627 46.389654018972806 40.19950248448356 28.284271247461902 46.57252408878007 18.867962264113206 43.41658669218482 32.7566787083184 48.30113870293329 17.029386365926403 50.24937810560445 17.029386365926403 25.298221281347036 24.186773244895647 20.8806130178211 14.866068747318506 41.23105625617661 35.90264614203248 38.47076812334269 50.28916384272063 45.044422518220834 21.93171219946131 42.5440947723653 42.5205832509386 36.05551275463989 50.00999900019995 51.62363799656123 43.382023926967726 24.351591323771842 48.38388161361178 19.1049731745428 26.019223662515376 24.020824298928627 46.389654018972806 40.19950248448356 28.284271247461902 46.57252408878007 18.867962264113206 43.41658669218482 32.7566787083184 48.30113870293329 17.029386365926403 50.24937810560445 17.029386365926403 25.298221281347036 24.186773244895647 20.8806130178211 14.866068747318506 41.23105625617661 35.90264614203248 38.47076812334269 50.28916384272063 45.044422518220834 21.93171219946131 42.5440947723653 42.5205832509386 36.05551275463989 50.00999900019995 51.62363799656123 43.382023926967726 24.351591323771842 48.38388161361178 19.1049731745428 26.019223662515376 24.020824298928627 46.389654018972806 40.19950248448356 28.284271247461902 46.57252408878007 18.867962264113206 43.41658669218482 32.7566787083184 48.30113870293329 17.029386365926403 50.24937810560445 17.029386365926403 25.298221281347036 24.186773244895647 20.8806130178211 14.866068747318506 41.23105625617661 35.90264614203248 38.47076812334269 50.28916384272063 45.044422518220834 21.93171219946131 42.5440947723653 42.5205832509386 36.05551275463989 50.00999900019995 51.62363799656123 43.382023926967726 24.351591323771842 48.38388161361178 19.1049731745428 26.019223662515376 24.020824298928627 46.389654018972806 40.19950248448356 28.284271247461902 46.57252408878007 18.867962264113206 43.41658669218482 32.7566787083184 48.30113870293329 17.029386365926403 50.24937810560445 17.029386365926403 25.298221281347036 24.186773244895647 20.8806130178211 14.866068747318506 41.23105625617661 35.90264614203248 38.47076812334269 50.28916384272063 45.044422518220834 21.93171219946131 42.5440947723653 42.5205832509386 36.05551275463989 50.00999900019995 51.62363799656123 43.382023926967726 24.351591323771842 48.38388161361178 19.1049731745428 26.019223662515376 24.020824298928627 46.389654018972806
tskDis  0.0 12.0 86.49277426467485 57.723478758647246 46.09772228646444 72.83543093852057 86.97700845625813 57.07889277132134 41.43669871020132 23.53720459187964 16.492422502470642 16.0312195418814 60.8276253029822 52.20153254455275 38.62641583165593 6.4031242374328485 10.198039027185569 90.02777349240623 7.810249675906654 59.135437767890075 81.74350127074322 78.79086241436883 39.44616584663204 90.09439494219383 90.95603333479313 47.853944456021594 64.13267497929586 88.07383266328314 56.61271941887264 14.317821063276353 16.76305461424021 6.324555320336759 12.0 0.0 74.73285756613352 46.17358552246078 42.579337712087536 61.0 75.61084578286372 45.09988913511872 41.43669871020132 12.083045973594572 5.656854249492381 4.123105625617661 49.03060268852505 40.85339643163099 36.05551275463989 8.06225774829855 14.142135623730951 78.33900688673555 18.027756377319946 47.92702786528704 70.21395872616783 68.0 34.92849839314596 78.26237921249263 79.40403012442127 43.93176527297759 52.392747589718944 76.40026177965623 45.31004303683677 3.605551275463989 6.4031242374328485 18.110770276274835 86.49277426467485 74.73285756613352 0.0 29.068883707497267 70.9365914038728 13.92838827718412 10.198039027185569 30.870698080866262 82.86132994346639 62.96824596572466 71.84010022264724 70.61161377563892 25.709920264364882 35.014282800023196 73.76313442364011 82.46211251235322 83.21658488546619 4.242640687119285 90.55385138137417 29.154759474226502 7.810249675906654 20.615528128088304 67.446274915669 4.47213595499958 7.615773105863909 69.46221994724903 22.360679774997898 3.1622776601683795 31.016124838541646 72.18032973047436 69.87131027825369 92.76313923105448 57.723478758647246 46.17358552246078 29.068883707497267 0.0 46.400431032480725 16.278820596099706 29.546573405388315 11.045361017187261 56.824290580701486 34.20526275297414 43.86342439892262 42.05948168962618 5.656854249492381 6.082762530298219 47.41307836451879 54.08326913195984 54.147945482723536 32.38826948140329 61.5223536610881 5.0 24.041630560342615 24.08318915758459 41.182520563948 33.0 33.24154027718932 45.45327270945405 7.280109889280518 30.4138126514911 3.605551275463989 43.41658669218482 41.0 64.03124237432849 46.09772228646444 42.579337712087536 70.9365914038728 46.400431032480725 0.0 61.40032573203501 65.96969000988257 54.45181356024793 13.038404810405298 37.21558813185679 46.09772228646444 41.10960958218893 52.009614495783374 41.10960958218893 7.810249675906654 48.08326112068523 36.235341863986875 72.73238618387272 43.266615305567875 43.56604182158393 63.56886030125127 53.9351462406472 8.06225774829855 75.39230729988306 71.56814934033156 2.23606797749979 53.25410782277739 70.83784299369935 43.01162633521314 39.319206502675 37.12142238654117 50.60632371551998 72.83543093852057 61.0 13.92838827718412 16.278820596099706 61.40032573203501 0.0 18.601075237738275 17.0 72.49827584156743 49.36598018878993 57.97413216254298 56.88585061331157 12.041594578792296 22.360679774997898 63.15853069855251 68.65857557508748 70.00714249274856 17.88854381999832 77.1621668954417 17.88854381999832 12.206555615733702 21.0 56.859475903318 17.26267650163207 20.0 60.207972893961475 9.055385138137417 16.1245154965971 18.973665961010276 58.54912467321779 56.32051136131489 79.07591289387686 86.97700845625813 75.61084578286372 10.198039027185569 29.546573405388315 65.96969000988257 18.601075237738275 0.0 34.713109915419565 78.44743462982075 63.56886030125127 73.40980860893181 71.5122367151245 28.0178514522438 34.785054261852174 69.72087205421343 83.57032966310472 82.56512580987206 8.602325267042627 90.24411338142782 27.892651361962706 6.4031242374328485 12.529964086141668 63.50590523722971 13.416407864998739 5.830951894845301 64.28841264178172 24.413111231467404 7.615773105863909 30.364452901377952 72.73238618387272 70.21395872616783 93.30058949438637 57.07889277132134 45.09988913511872 30.870698080866262 11.045361017187261 54.45181356024793 17.0 34.713109915419565 0.0 63.60031446463138 34.058772731852805 41.593268686170845 41.048751503547585 7.615773105863909 13.892443989449804 54.20332093147061 52.46903848937962 55.44366510251645 34.88552708502482 62.07253821135398 16.0312195418814 28.42534080710379 32.64965543462902 48.27007354458868 33.83784863137726 36.89173349139343 53.81449618829484 10.816653826391969 33.12099032335839 14.317821063276353 43.0 41.048751503547585 63.198101237299845 41.43669871020132 41.43669871020132 82.86132994346639 56.824290580701486 13.038404810405298 72.49827584156743 78.44743462982075 63.60031446463138 0.0 39.81205847478876 46.09772228646444 41.23105625617661 62.26556030423239 51.10772935672255 9.433981132056603 45.0111097397076 31.25699921617557 84.8999411071645 36.68787265568828 54.62600113499065 75.69015788066504 66.61080993352356 15.652475842498529 87.28115489611719 83.95236744726142 15.132745950421556 63.953107821277925 82.96987405076617 53.665631459994955 38.8329756778952 37.36308338453881 44.64302857109943 23.53720459187964 12.083045973594572 62.96824596572466 34.20526275297414 37.21558813185679 49.36598018878993 63.56886030125127 34.058772731852805 39.81205847478876 0.0 11.40175425099138 8.06225774829855 37.33630940518894 28.792360097775937 32.28002478313795 20.12461179749811 21.587033144922902 66.49060083951716 28.0178514522438 35.84689665786984 58.240879114244144 55.94640292279746 29.154759474226502 66.61080993352356 67.446274915669 38.05259518088089 40.607881008493905 64.53681120105021 33.24154027718932 9.219544457292887 7.0 29.832867780352597 16.492422502470642 5.656854249492381 71.84010022264724 43.86342439892262 46.09772228646444 57.97413216254298 73.40980860893181 41.593268686170845 46.09772228646444 11.40175425099138 0.0 5.0 46.17358552246078 38.948684188300895 40.049968789001575 11.0 19.79898987322333 75.58438992278762 23.259406699226016 46.14108798023731 67.77905281132217 66.57326790837296 38.2099463490856 75.18643494673756 76.89603370785778 47.265209192385896 49.64876634922564 73.68174807915459 43.41658669218482 7.280109889280518 9.0 22.090722034374522 16.0312195418814 4.123105625617661 70.61161377563892 42.05948168962618 41.10960958218893 56.88585061331157 71.5122367151245 41.048751503547585 41.23105625617661 8.06225774829855 5.0 0.0 44.91102314577124 36.76955262170047 35.05709628591621 12.083045973594572 16.64331697709324 74.21590126111789 21.587033144922902 43.86342439892262 66.09841147864296 64.00781202322104 33.24154027718932 74.14849964766651 75.28612089887484 42.2965719651132 48.27007354458868 72.27724399837061 41.23105625617661 2.8284271247461903 4.0 22.20360331117452 60.8276253029822 49.03060268852505 25.709920264364882 5.656854249492381 52.009614495783374 12.041594578792296 28.0178514522438 7.615773105863909 62.26556030423239 37.33630940518894 46.17358552246078 44.91102314577124 0.0 11.180339887498949 52.839379254491625 56.753854494650845 58.0 29.410882339705484 65.12296062065974 9.848857801796104 21.95449840010015 25.059928172283335 46.647615158762406 29.274562336608895 30.870698080866262 51.088159097779204 3.605551275463989 27.51363298439521 9.219544457292887 46.52956049652737 44.28317965096906 67.08203932499369 52.20153254455275 40.85339643163099 35.014282800023196 6.082762530298219 41.10960958218893 22.360679774997898 34.785054261852174 13.892443989449804 51.10772935672255 28.792360097775937 38.948684188300895 36.76955262170047 11.180339887498949 0.0 41.677331968349414 48.84669896727925 48.25971404805462 38.2099463490856 55.731499172371095 7.211102550927978 29.614185789921695 27.80287754891569 35.510561809129406 39.01281840626232 38.8329756778952 40.311288741492746 13.341664064126334 36.22154055254967 4.47213595499958 37.94733192202055 35.4400902933387 58.52349955359813 38.62641583165593 36.05551275463989 73.76313442364011 47.41307836451879 7.810249675906654 63.15853069855251 69.72087205421343 54.20332093147061 9.433981132056603 32.28002478313795 40.049968789001575 35.05709628591621 52.839379254491625 41.677331968349414 0.0 41.0 28.635642126552707 75.92759709091287 35.510561809129406 45.31004303683677 66.70832032063167 58.137767414994535 6.324555320336759 78.16009211867653 75.13321502504735 9.899494936611665 54.56189146281496 73.97972695272672 44.28317965096906 33.0 31.064449134018133 42.941821107167776 6.4031242374328485 8.06225774829855 82.46211251235322 54.08326913195984 48.08326112068523 68.65857557508748 83.57032966310472 52.46903848937962 45.0111097397076 20.12461179749811 11.0 12.083045973594572 56.753854494650845 48.84669896727925 41.0 0.0 14.317821063276353 86.1278120005379 14.142135623730951 55.94640292279746 78.10889834071403 76.05918747922567 40.85339643163099 85.90692637965812 87.28115489611719 49.64876634922564 60.166435825965294 84.20213774008353 53.31041174104736 11.40175425099138 14.212670403551895 11.180339887498949 10.198039027185569 14.142135623730951 83.21658488546619 54.147945482723536 36.235341863986875 70.00714249274856 82.56512580987206 55.44366510251645 31.25699921617557 21.587033144922902 19.79898987322333 16.64331697709324 58.0 48.25971404805462 28.635642126552707 14.317821063276353 0.0 86.46964785403026 8.06225774829855 54.74486277268398 77.78174593052023 73.37574531137656 30.0 87.09190547921202 86.97700845625813 38.07886552931954 61.032778078668514 84.48076704197234 52.46903848937962 13.892443989449804 14.866068747318506 14.422205101855956 90.02777349240623 78.33900688673555 4.242640687119285 32.38826948140329 72.73238618387272 17.88854381999832 8.602325267042627 34.88552708502482 84.8999411071645 66.49060083951716 75.58438992278762 74.21590126111789 29.410882339705484 38.2099463490856 75.92759709091287 86.1278120005379 86.46964785403026 0.0 93.90420650854784 32.0 9.219544457292887 20.615528128088304 69.63476143421474 5.0990195135927845 4.0 71.16881339463234 25.96150997149434 2.0 34.058772731852805 75.7099729229908 73.348483283569 96.317184344228 7.810249675906654 18.027756377319946 90.55385138137417 61.5223536610881 43.266615305567875 77.1621668954417 90.24411338142782 62.07253821135398 36.68787265568828 28.0178514522438 23.259406699226016 21.587033144922902 65.12296062065974 55.731499172371095 35.510561809129406 14.142135623730951 8.06225774829855 93.90420650854784 0.0 62.369864518050704 85.32877591996736 81.27115109311545 37.53664875824692 94.33981132056604 94.54099639838793 45.221676218380054 68.26419266350405 91.92388155425118 60.01666435249463 19.235384061671343 21.02379604162864 8.06225774829855 59.135437767890075 47.92702786528704 29.154759474226502 5.0 43.56604182158393 17.88854381999832 27.892651361962706 16.0312195418814 54.62600113499065 35.84689665786984 46.14108798023731 43.86342439892262 9.848857801796104 7.211102550927978 45.31004303683677 55.94640292279746 54.74486277268398 32.0 62.369864518050704 0.0 23.08679276123039 20.615528128088304 39.0 33.37663853655727 32.2490309931942 42.43819034784589 9.899494936611665 30.0 2.8284271247461903 44.94441010848846 42.37924020083418 65.45991139621256 81.74350127074322 70.21395872616783 7.810249675906654 24.041630560342615 63.56886030125127 12.206555615733702 6.4031242374328485 28.42534080710379 75.69015788066504 58.240879114244144 67.77905281132217 66.09841147864296 21.95449840010015 29.614185789921695 66.70832032063167 78.10889834071403 77.78174593052023 9.219544457292887 85.32877591996736 23.08679276123039 0.0 13.038404810405298 60.41522986797286 12.206555615733702 9.219544457292887 62.03224967708329 18.35755975068582 7.280109889280518 25.317977802344327 67.446274915669 65.0 88.05679985100527 78.79086241436883 68.0 20.615528128088304 24.08318915758459 53.9351462406472 21.0 12.529964086141668 32.64965543462902 66.61080993352356 55.94640292279746 66.57326790837296 64.00781202322104 25.059928172283335 27.80287754891569 58.137767414994535 76.05918747922567 73.37574531137656 20.615528128088304 81.27115109311545 20.615528128088304 13.038404810405298 0.0 52.03844732503075 24.758836806279895 18.35755975068582 52.172789842982326 21.93171219946131 19.1049731745428 23.430749027719962 64.8459713474939 62.16912416947821 85.0881895447306 39.44616584663204 34.92849839314596 67.446274915669 41.182520563948 8.06225774829855 56.859475903318 63.50590523722971 48.27007354458868 15.652475842498529 29.154759474226502 38.2099463490856 33.24154027718932 46.647615158762406 35.510561809129406 6.324555320336759 40.85339643163099 30.0 69.63476143421474 37.53664875824692 39.0 60.41522986797286 52.03844732503075 0.0 71.84010022264724 68.8839603971781 9.055385138137417 48.30113870293329 67.68308503607086 38.01315561749642 31.575306807693888 29.274562336608895 44.40720662234904 90.09439494219383 78.26237921249263 4.47213595499958 33.0 75.39230729988306 17.26267650163207 13.416407864998739 33.83784863137726 87.28115489611719 66.61080993352356 75.18643494673756 74.14849964766651 29.274562336608895 39.01281840626232 78.16009211867653 85.90692637965812 87.09190547921202 5.0990195135927845 94.33981132056604 33.37663853655727 12.206555615733702 24.758836806279895 71.84010022264724 0.0 9.055385138137417 73.92563831310488 26.076809620810597 5.830951894845301 35.12833614050059 75.8023746329889 73.55270219373317 96.33794683301072 90.95603333479313 79.40403012442127 7.615773105863909 33.24154027718932 71.56814934033156 20.0 5.830951894845301 36.89173349139343 83.95236744726142 67.446274915669 76.89603370785778 75.28612089887484 30.870698080866262 38.8329756778952 75.13321502504735 87.28115489611719 86.97700845625813 4.0 94.54099639838793 32.2490309931942 9.219544457292887 18.35755975068582 68.8839603971781 9.055385138137417 0.0 69.92138442565336 27.313000567495326 4.47213595499958 34.52535300326414 76.6550715869472 74.21590126111789 97.26767191621273 47.853944456021594 43.93176527297759 69.46221994724903 45.45327270945405 2.23606797749979 60.207972893961475 64.28841264178172 53.81449618829484 15.132745950421556 38.05259518088089 47.265209192385896 42.2965719651132 51.088159097779204 40.311288741492746 9.899494936611665 49.64876634922564 38.07886552931954 71.16881339463234 45.221676218380054 42.43819034784589 62.03224967708329 52.172789842982326 9.055385138137417 73.92563831310488 69.92138442565336 0.0 52.20153254455275 69.28924880528002 42.01190307520001 40.607881008493905 38.3275357934736 52.478567053607705 64.13267497929586 52.392747589718944 22.360679774997898 7.280109889280518 53.25410782277739 9.055385138137417 24.413111231467404 10.816653826391969 63.953107821277925 40.607881008493905 49.64876634922564 48.27007354458868 3.605551275463989 13.341664064126334 54.56189146281496 60.166435825965294 61.032778078668514 25.96150997149434 68.26419266350405 9.899494936611665 18.35755975068582 21.93171219946131 48.30113870293329 26.076809620810597 27.313000567495326 52.20153254455275 0.0 24.041630560342615 10.295630140987 49.8196748283246 47.51841748206689 70.40596565632774 88.07383266328314 76.40026177965623 3.1622776601683795 30.4138126514911 70.83784299369935 16.1245154965971 7.615773105863909 33.12099032335839 82.96987405076617 64.53681120105021 73.68174807915459 72.27724399837061 27.51363298439521 36.22154055254967 73.97972695272672 84.20213774008353 84.48076704197234 2.0 91.92388155425118 30.0 7.280109889280518 19.1049731745428 67.68308503607086 5.830951894845301 4.47213595499958 69.28924880528002 24.041630560342615 0.0 32.0624390837628 73.7563556583431 71.386273190299 94.36630754670864 56.61271941887264 45.31004303683677 31.016124838541646 3.605551275463989 43.01162633521314 18.973665961010276 30.364452901377952 14.317821063276353 53.665631459994955 33.24154027718932 43.41658669218482 41.23105625617661 9.219544457292887 4.47213595499958 44.28317965096906 53.31041174104736 52.46903848937962 34.058772731852805 60.01666435249463 2.8284271247461903 25.317977802344327 23.430749027719962 38.01315561749642 35.12833614050059 34.52535300326414 42.01190307520001 10.295630140987 32.0624390837628 0.0 42.37924020083418 39.84971769034255 62.93647591023825 14.317821063276353 3.605551275463989 72.18032973047436 43.41658669218482 39.319206502675 58.54912467321779 72.73238618387272 43.0 38.8329756778952 9.219544457292887 7.280109889280518 2.8284271247461903 46.52956049652737 37.94733192202055 33.0 11.40175425099138 13.892443989449804 75.7099729229908 19.235384061671343 44.94441010848846 67.446274915669 64.8459713474939 31.575306807693888 75.8023746329889 76.6550715869472 40.607881008493905 49.8196748283246 73.7563556583431 42.37924020083418 0.0 2.8284271247461903 20.615528128088304 16.76305461424021 6.4031242374328485 69.87131027825369 41.0 37.12142238654117 56.32051136131489 70.21395872616783 41.048751503547585 37.36308338453881 7.0 9.0 4.0 44.28317965096906 35.4400902933387 31.064449134018133 14.212670403551895 14.866068747318506 73.348483283569 21.02379604162864 42.37924020083418 65.0 62.16912416947821 29.274562336608895 73.55270219373317 74.21590126111789 38.3275357934736 47.51841748206689 71.386273190299 39.84971769034255 2.8284271247461903 0.0 23.08679276123039 6.324555320336759 18.110770276274835 92.76313923105448 64.03124237432849 50.60632371551998 79.07591289387686 93.30058949438637 63.198101237299845 44.64302857109943 29.832867780352597 22.090722034374522 22.20360331117452 67.08203932499369 58.52349955359813 42.941821107167776 11.180339887498949 14.422205101855956 96.317184344228 8.06225774829855 65.45991139621256 88.05679985100527 85.0881895447306 44.40720662234904 96.33794683301072 97.26767191621273 52.478567053607705 70.40596565632774 94.36630754670864 62.93647591023825 20.615528128088304 23.08679276123039 0.0

rob_x  50 50 50 50 50 50 50 50 50 50 50 50 50 50 50 50 50 50 50 50 50 50 50 50 50 50 50 50 50 50 50 50
rob_y  50 50 50 50 50 50 50 50 50 50 50 50 50 50 50 50 50 50 50 50 50 50 50 50 50 50 50 50 50 50 50 50
rob_vel  1 1 1 1 1 1 1 1 1 1 1 1 1 1 1 1 1 1 1 1 1 1 1 1 1 1 1 1 1 1 1 1
rob_abi  0.018337562363642604 0.09919874272298218 0.06892896568703209 0.048317992555764945 0.09670901315634217 0.06261517800746728 0.04631302568395847 0.05307812594132309 0.045089420247810964 0.039976936724540606 0.06799164358992878 0.012517378733523696 0.051341176404548716 0.0888708722195612 0.09501856286804129 0.09935459643728822 0.06051981944529762 0.06768977632865174 0.08510279060360887 0.04478694864287601 0.03110712308337344 0.08197829840488838 0.09567582190512253 0.014944929048163597 0.04504127634268905 0.02058373458470447 0.03739308890801974 0.026986164642312342 0.05740907638427758 0.04590534141593453 0.07774145676827607 0.017373679259027996

tsk_x  46 46 62 60 88 57 72 49 87 51 42 47 56 61 82 42 56 65 52 65 67 78 80 60 69 89 58 65 63 49 51 44
tsk_y  10 22 95 66 29 82 93 67 16 33 26 26 70 60 24 15 12 98 5 66 89 82 30 99 98 31 73 96 64 24 26 4
tsk_rat  0.01 0.01 0.01 0.01 0.01 0.01 0.01 0.01 0.01 0.01 0.01 0.01 0.01 0.01 0.01 0.01 0.01 0.01 0.01 0.01 0.01 0.01 0.01 0.01 0.01 0.01 0.01 0.01 0.01 0.01 0.01 0.01
tsk_state  1 1 1 1 1 1 1 1 1 1 1 1 1 1 1 1 1 1 1 1 1 1 1 1 1 1 1 1 1 1 1 1
