time 2019-02-27 16:22:34
32_32_ECCENTRIC_RANDOM_QUADRANT_QUADRANT_thre0.1
robNum  32
taskNum  32
comp_threhold  0.1
rob2tskDis  42.190046219457976 67.47592163134935 76.21679604916491 97.9081201943945 109.62207806824317 82.0792300158816 68.60029154456998 57.48912940721924 104.01922899156675 43.41658669218482 98.08159868191383 76.00657866263946 96.33275663033837 114.62111498323509 100.23971268913334 80.8084154033477 79.02531240052139 129.41792766073794 49.51767361255979 67.94115100585212 29.017236257093817 93.08598175880189 69.85699678629192 52.55473337388365 52.773099207835045 121.03718436910205 56.00892785976178 130.13838787997952 82.05485969764375 98.41239759298622 51.62363799656123 41.048751503547585 42.190046219457976 67.47592163134935 76.21679604916491 97.9081201943945 109.62207806824317 82.0792300158816 68.60029154456998 57.48912940721924 104.01922899156675 43.41658669218482 98.08159868191383 76.00657866263946 96.33275663033837 114.62111498323509 100.23971268913334 80.8084154033477 79.02531240052139 129.41792766073794 49.51767361255979 67.94115100585212 29.017236257093817 93.08598175880189 69.85699678629192 52.55473337388365 52.773099207835045 121.03718436910205 56.00892785976178 130.13838787997952 82.05485969764375 98.41239759298622 51.62363799656123 41.048751503547585 42.190046219457976 67.47592163134935 76.21679604916491 97.9081201943945 109.62207806824317 82.0792300158816 68.60029154456998 57.48912940721924 104.01922899156675 43.41658669218482 98.08159868191383 76.00657866263946 96.33275663033837 114.62111498323509 100.23971268913334 80.8084154033477 79.02531240052139 129.41792766073794 49.51767361255979 67.94115100585212 29.017236257093817 93.08598175880189 69.85699678629192 52.55473337388365 52.773099207835045 121.03718436910205 56.00892785976178 130.13838787997952 82.05485969764375 98.41239759298622 51.62363799656123 41.048751503547585 42.190046219457976 67.47592163134935 76.21679604916491 97.9081201943945 109.62207806824317 82.0792300158816 68.60029154456998 57.48912940721924 104.01922899156675 43.41658669218482 98.08159868191383 76.00657866263946 96.33275663033837 114.62111498323509 100.23971268913334 80.8084154033477 79.02531240052139 129.41792766073794 49.51767361255979 67.94115100585212 29.017236257093817 93.08598175880189 69.85699678629192 52.55473337388365 52.773099207835045 121.03718436910205 56.00892785976178 130.13838787997952 82.05485969764375 98.41239759298622 51.62363799656123 41.048751503547585 42.190046219457976 67.47592163134935 76.21679604916491 97.9081201943945 109.62207806824317 82.0792300158816 68.60029154456998 57.48912940721924 104.01922899156675 43.41658669218482 98.08159868191383 76.00657866263946 96.33275663033837 114.62111498323509 100.23971268913334 80.8084154033477 79.02531240052139 129.41792766073794 49.51767361255979 67.94115100585212 29.017236257093817 93.08598175880189 69.85699678629192 52.55473337388365 52.773099207835045 121.03718436910205 56.00892785976178 130.13838787997952 82.05485969764375 98.41239759298622 51.62363799656123 41.048751503547585 42.190046219457976 67.47592163134935 76.21679604916491 97.9081201943945 109.62207806824317 82.0792300158816 68.60029154456998 57.48912940721924 104.01922899156675 43.41658669218482 98.08159868191383 76.00657866263946 96.33275663033837 114.62111498323509 100.23971268913334 80.8084154033477 79.02531240052139 129.41792766073794 49.51767361255979 67.94115100585212 29.017236257093817 93.08598175880189 69.85699678629192 52.55473337388365 52.773099207835045 121.03718436910205 56.00892785976178 130.13838787997952 82.05485969764375 98.41239759298622 51.62363799656123 41.048751503547585 42.190046219457976 67.47592163134935 76.21679604916491 97.9081201943945 109.62207806824317 82.0792300158816 68.60029154456998 57.48912940721924 104.01922899156675 43.41658669218482 98.08159868191383 76.00657866263946 96.33275663033837 114.62111498323509 100.23971268913334 80.8084154033477 79.02531240052139 129.41792766073794 49.51767361255979 67.94115100585212 29.017236257093817 93.08598175880189 69.85699678629192 52.55473337388365 52.773099207835045 121.03718436910205 56.00892785976178 130.13838787997952 82.05485969764375 98.41239759298622 51.62363799656123 41.048751503547585 42.190046219457976 67.47592163134935 76.21679604916491 97.9081201943945 109.62207806824317 82.0792300158816 68.60029154456998 57.48912940721924 104.01922899156675 43.41658669218482 98.08159868191383 76.00657866263946 96.33275663033837 114.62111498323509 100.23971268913334 80.8084154033477 79.02531240052139 129.41792766073794 49.51767361255979 67.94115100585212 29.017236257093817 93.08598175880189 69.85699678629192 52.55473337388365 52.773099207835045 121.03718436910205 56.00892785976178 130.13838787997952 82.05485969764375 98.41239759298622 51.62363799656123 41.048751503547585 42.190046219457976 67.47592163134935 76.21679604916491 97.9081201943945 109.62207806824317 82.0792300158816 68.60029154456998 57.48912940721924 104.01922899156675 43.41658669218482 98.08159868191383 76.00657866263946 96.33275663033837 114.62111498323509 100.23971268913334 80.8084154033477 79.02531240052139 129.41792766073794 49.51767361255979 67.94115100585212 29.017236257093817 93.08598175880189 69.85699678629192 52.55473337388365 52.773099207835045 121.03718436910205 56.00892785976178 130.13838787997952 82.05485969764375 98.41239759298622 51.62363799656123 41.048751503547585 42.190046219457976 67.47592163134935 76.21679604916491 97.9081201943945 109.62207806824317 82.0792300158816 68.60029154456998 57.48912940721924 104.01922899156675 43.41658669218482 98.08159868191383 76.00657866263946 96.33275663033837 114.62111498323509 100.23971268913334 80.8084154033477 79.02531240052139 129.41792766073794 49.51767361255979 67.94115100585212 29.017236257093817 93.08598175880189 69.85699678629192 52.55473337388365 52.773099207835045 121.03718436910205 56.00892785976178 130.13838787997952 82.05485969764375 98.41239759298622 51.62363799656123 41.048751503547585 42.190046219457976 67.47592163134935 76.21679604916491 97.9081201943945 109.62207806824317 82.0792300158816 68.60029154456998 57.48912940721924 104.01922899156675 43.41658669218482 98.08159868191383 76.00657866263946 96.33275663033837 114.62111498323509 100.23971268913334 80.8084154033477 79.02531240052139 129.41792766073794 49.51767361255979 67.94115100585212 29.017236257093817 93.08598175880189 69.85699678629192 52.55473337388365 52.773099207835045 121.03718436910205 56.00892785976178 130.13838787997952 82.05485969764375 98.41239759298622 51.62363799656123 41.048751503547585 42.190046219457976 67.47592163134935 76.21679604916491 97.9081201943945 109.62207806824317 82.0792300158816 68.60029154456998 57.48912940721924 104.01922899156675 43.41658669218482 98.08159868191383 76.00657866263946 96.33275663033837 114.62111498323509 100.23971268913334 80.8084154033477 79.02531240052139 129.41792766073794 49.51767361255979 67.94115100585212 29.017236257093817 93.08598175880189 69.85699678629192 52.55473337388365 52.773099207835045 121.03718436910205 56.00892785976178 130.13838787997952 82.05485969764375 98.41239759298622 51.62363799656123 41.048751503547585 42.190046219457976 67.47592163134935 76.21679604916491 97.9081201943945 109.62207806824317 82.0792300158816 68.60029154456998 57.48912940721924 104.01922899156675 43.41658669218482 98.08159868191383 76.00657866263946 96.33275663033837 114.62111498323509 100.23971268913334 80.8084154033477 79.02531240052139 129.41792766073794 49.51767361255979 67.94115100585212 29.017236257093817 93.08598175880189 69.85699678629192 52.55473337388365 52.773099207835045 121.03718436910205 56.00892785976178 130.13838787997952 82.05485969764375 98.41239759298622 51.62363799656123 41.048751503547585 42.190046219457976 67.47592163134935 76.21679604916491 97.9081201943945 109.62207806824317 82.0792300158816 68.60029154456998 57.48912940721924 104.01922899156675 43.41658669218482 98.08159868191383 76.00657866263946 96.33275663033837 114.62111498323509 100.23971268913334 80.8084154033477 79.02531240052139 129.41792766073794 49.51767361255979 67.94115100585212 29.017236257093817 93.08598175880189 69.85699678629192 52.55473337388365 52.773099207835045 121.03718436910205 56.00892785976178 130.13838787997952 82.05485969764375 98.41239759298622 51.62363799656123 41.048751503547585 42.190046219457976 67.47592163134935 76.21679604916491 97.9081201943945 109.62207806824317 82.0792300158816 68.60029154456998 57.48912940721924 104.01922899156675 43.41658669218482 98.08159868191383 76.00657866263946 96.33275663033837 114.62111498323509 100.23971268913334 80.8084154033477 79.02531240052139 129.41792766073794 49.51767361255979 67.94115100585212 29.017236257093817 93.08598175880189 69.85699678629192 52.55473337388365 52.773099207835045 121.03718436910205 56.00892785976178 130.13838787997952 82.05485969764375 98.41239759298622 51.62363799656123 41.048751503547585 42.190046219457976 67.47592163134935 76.21679604916491 97.9081201943945 109.62207806824317 82.0792300158816 68.60029154456998 57.48912940721924 104.01922899156675 43.41658669218482 98.08159868191383 76.00657866263946 96.33275663033837 114.62111498323509 100.23971268913334 80.8084154033477 79.02531240052139 129.41792766073794 49.51767361255979 67.94115100585212 29.017236257093817 93.08598175880189 69.85699678629192 52.55473337388365 52.773099207835045 121.03718436910205 56.00892785976178 130.13838787997952 82.05485969764375 98.41239759298622 51.62363799656123 41.048751503547585 42.190046219457976 67.47592163134935 76.21679604916491 97.9081201943945 109.62207806824317 82.0792300158816 68.60029154456998 57.48912940721924 104.01922899156675 43.41658669218482 98.08159868191383 76.00657866263946 96.33275663033837 114.62111498323509 100.23971268913334 80.8084154033477 79.02531240052139 129.41792766073794 49.51767361255979 67.94115100585212 29.017236257093817 93.08598175880189 69.85699678629192 52.55473337388365 52.773099207835045 121.03718436910205 56.00892785976178 130.13838787997952 82.05485969764375 98.41239759298622 51.62363799656123 41.048751503547585 42.190046219457976 67.47592163134935 76.21679604916491 97.9081201943945 109.62207806824317 82.0792300158816 68.60029154456998 57.48912940721924 104.01922899156675 43.41658669218482 98.08159868191383 76.00657866263946 96.33275663033837 114.62111498323509 100.23971268913334 80.8084154033477 79.02531240052139 129.41792766073794 49.51767361255979 67.94115100585212 29.017236257093817 93.08598175880189 69.85699678629192 52.55473337388365 52.773099207835045 121.03718436910205 56.00892785976178 130.13838787997952 82.05485969764375 98.41239759298622 51.62363799656123 41.048751503547585 42.190046219457976 67.47592163134935 76.21679604916491 97.9081201943945 109.62207806824317 82.0792300158816 68.60029154456998 57.48912940721924 104.01922899156675 43.41658669218482 98.08159868191383 76.00657866263946 96.33275663033837 114.62111498323509 100.23971268913334 80.8084154033477 79.02531240052139 129.41792766073794 49.51767361255979 67.94115100585212 29.017236257093817 93.08598175880189 69.85699678629192 52.55473337388365 52.773099207835045 121.03718436910205 56.00892785976178 130.13838787997952 82.05485969764375 98.41239759298622 51.62363799656123 41.048751503547585 42.190046219457976 67.47592163134935 76.21679604916491 97.9081201943945 109.62207806824317 82.0792300158816 68.60029154456998 57.48912940721924 104.01922899156675 43.41658669218482 98.08159868191383 76.00657866263946 96.33275663033837 114.62111498323509 100.23971268913334 80.8084154033477 79.02531240052139 129.41792766073794 49.51767361255979 67.94115100585212 29.017236257093817 93.08598175880189 69.85699678629192 52.55473337388365 52.773099207835045 121.03718436910205 56.00892785976178 130.13838787997952 82.05485969764375 98.41239759298622 51.62363799656123 41.048751503547585 42.190046219457976 67.47592163134935 76.21679604916491 97.9081201943945 109.62207806824317 82.0792300158816 68.60029154456998 57.48912940721924 104.01922899156675 43.41658669218482 98.08159868191383 76.00657866263946 96.33275663033837 114.62111498323509 100.23971268913334 80.8084154033477 79.02531240052139 129.41792766073794 49.51767361255979 67.94115100585212 29.017236257093817 93.08598175880189 69.85699678629192 52.55473337388365 52.773099207835045 121.03718436910205 56.00892785976178 130.13838787997952 82.05485969764375 98.41239759298622 51.62363799656123 41.048751503547585 42.190046219457976 67.47592163134935 76.21679604916491 97.9081201943945 109.62207806824317 82.0792300158816 68.60029154456998 57.48912940721924 104.01922899156675 43.41658669218482 98.08159868191383 76.00657866263946 96.33275663033837 114.62111498323509 100.23971268913334 80.8084154033477 79.02531240052139 129.41792766073794 49.51767361255979 67.94115100585212 29.017236257093817 93.08598175880189 69.85699678629192 52.55473337388365 52.773099207835045 121.03718436910205 56.00892785976178 130.13838787997952 82.05485969764375 98.41239759298622 51.62363799656123 41.048751503547585 42.190046219457976 67.47592163134935 76.21679604916491 97.9081201943945 109.62207806824317 82.0792300158816 68.60029154456998 57.48912940721924 104.01922899156675 43.41658669218482 98.08159868191383 76.00657866263946 96.33275663033837 114.62111498323509 100.23971268913334 80.8084154033477 79.02531240052139 129.41792766073794 49.51767361255979 67.94115100585212 29.017236257093817 93.08598175880189 69.85699678629192 52.55473337388365 52.773099207835045 121.03718436910205 56.00892785976178 130.13838787997952 82.05485969764375 98.41239759298622 51.62363799656123 41.048751503547585 42.190046219457976 67.47592163134935 76.21679604916491 97.9081201943945 109.62207806824317 82.0792300158816 68.60029154456998 57.48912940721924 104.01922899156675 43.41658669218482 98.08159868191383 76.00657866263946 96.33275663033837 114.62111498323509 100.23971268913334 80.8084154033477 79.02531240052139 129.41792766073794 49.51767361255979 67.94115100585212 29.017236257093817 93.08598175880189 69.85699678629192 52.55473337388365 52.773099207835045 121.03718436910205 56.00892785976178 130.13838787997952 82.05485969764375 98.41239759298622 51.62363799656123 41.048751503547585 42.190046219457976 67.47592163134935 76.21679604916491 97.9081201943945 109.62207806824317 82.0792300158816 68.60029154456998 57.48912940721924 104.01922899156675 43.41658669218482 98.08159868191383 76.00657866263946 96.33275663033837 114.62111498323509 100.23971268913334 80.8084154033477 79.02531240052139 129.41792766073794 49.51767361255979 67.94115100585212 29.017236257093817 93.08598175880189 69.85699678629192 52.55473337388365 52.773099207835045 121.03718436910205 56.00892785976178 130.13838787997952 82.05485969764375 98.41239759298622 51.62363799656123 41.048751503547585 42.190046219457976 67.47592163134935 76.21679604916491 97.9081201943945 109.62207806824317 82.0792300158816 68.60029154456998 57.48912940721924 104.01922899156675 43.41658669218482 98.08159868191383 76.00657866263946 96.33275663033837 114.62111498323509 100.23971268913334 80.8084154033477 79.02531240052139 129.41792766073794 49.51767361255979 67.94115100585212 29.017236257093817 93.08598175880189 69.85699678629192 52.55473337388365 52.773099207835045 121.03718436910205 56.00892785976178 130.13838787997952 82.05485969764375 98.41239759298622 51.62363799656123 41.048751503547585 42.190046219457976 67.47592163134935 76.21679604916491 97.9081201943945 109.62207806824317 82.0792300158816 68.60029154456998 57.48912940721924 104.01922899156675 43.41658669218482 98.08159868191383 76.00657866263946 96.33275663033837 114.62111498323509 100.23971268913334 80.8084154033477 79.02531240052139 129.41792766073794 49.51767361255979 67.94115100585212 29.017236257093817 93.08598175880189 69.85699678629192 52.55473337388365 52.773099207835045 121.03718436910205 56.00892785976178 130.13838787997952 82.05485969764375 98.41239759298622 51.62363799656123 41.048751503547585 42.190046219457976 67.47592163134935 76.21679604916491 97.9081201943945 109.62207806824317 82.0792300158816 68.60029154456998 57.48912940721924 104.01922899156675 43.41658669218482 98.08159868191383 76.00657866263946 96.33275663033837 114.62111498323509 100.23971268913334 80.8084154033477 79.02531240052139 129.41792766073794 49.51767361255979 67.94115100585212 29.017236257093817 93.08598175880189 69.85699678629192 52.55473337388365 52.773099207835045 121.03718436910205 56.00892785976178 130.13838787997952 82.05485969764375 98.41239759298622 51.62363799656123 41.048751503547585 42.190046219457976 67.47592163134935 76.21679604916491 97.9081201943945 109.62207806824317 82.0792300158816 68.60029154456998 57.48912940721924 104.01922899156675 43.41658669218482 98.08159868191383 76.00657866263946 96.33275663033837 114.62111498323509 100.23971268913334 80.8084154033477 79.02531240052139 129.41792766073794 49.51767361255979 67.94115100585212 29.017236257093817 93.08598175880189 69.85699678629192 52.55473337388365 52.773099207835045 121.03718436910205 56.00892785976178 130.13838787997952 82.05485969764375 98.41239759298622 51.62363799656123 41.048751503547585 42.190046219457976 67.47592163134935 76.21679604916491 97.9081201943945 109.62207806824317 82.0792300158816 68.60029154456998 57.48912940721924 104.01922899156675 43.41658669218482 98.08159868191383 76.00657866263946 96.33275663033837 114.62111498323509 100.23971268913334 80.8084154033477 79.02531240052139 129.41792766073794 49.51767361255979 67.94115100585212 29.017236257093817 93.08598175880189 69.85699678629192 52.55473337388365 52.773099207835045 121.03718436910205 56.00892785976178 130.13838787997952 82.05485969764375 98.41239759298622 51.62363799656123 41.048751503547585 42.190046219457976 67.47592163134935 76.21679604916491 97.9081201943945 109.62207806824317 82.0792300158816 68.60029154456998 57.48912940721924 104.01922899156675 43.41658669218482 98.08159868191383 76.00657866263946 96.33275663033837 114.62111498323509 100.23971268913334 80.8084154033477 79.02531240052139 129.41792766073794 49.51767361255979 67.94115100585212 29.017236257093817 93.08598175880189 69.85699678629192 52.55473337388365 52.773099207835045 121.03718436910205 56.00892785976178 130.13838787997952 82.05485969764375 98.41239759298622 51.62363799656123 41.048751503547585 42.190046219457976 67.47592163134935 76.21679604916491 97.9081201943945 109.62207806824317 82.0792300158816 68.60029154456998 57.48912940721924 104.01922899156675 43.41658669218482 98.08159868191383 76.00657866263946 96.33275663033837 114.62111498323509 100.23971268913334 80.8084154033477 79.02531240052139 129.41792766073794 49.51767361255979 67.94115100585212 29.017236257093817 93.08598175880189 69.85699678629192 52.55473337388365 52.773099207835045 121.03718436910205 56.00892785976178 130.13838787997952 82.05485969764375 98.41239759298622 51.62363799656123 41.048751503547585
tskDis  0.0 48.010415536631214 36.61966684720111 78.08969202141856 80.95060222135473 43.41658669218482 39.21734310225516 16.64331697709324 72.11102550927978 53.075418038862395 91.0823802938856 43.04648650006177 54.147945482723536 92.44457799135652 63.655321851358195 79.05694150420949 37.05401462729781 99.98499887483122 30.59411708155671 46.17358552246078 13.341664064126334 51.0 61.61168720299745 16.55294535724685 11.180339887498949 88.60022573334675 14.317821063276353 100.4987562112089 87.20665112249179 61.554853586049575 23.08679276123039 35.510561809129406 48.010415536631214 0.0 39.6232255123179 31.38470965295043 43.266615305567875 39.11521443121589 16.278820596099706 41.10960958218893 40.80441152620633 38.07886552931954 44.598206241955516 23.706539182259394 68.8839603971781 47.50789408087881 45.17742799230607 37.48332962798263 61.61168720299745 62.80127387243033 19.313207915827967 3.605551275463989 52.88667128870941 69.31089380465383 19.209372712298546 33.54101966249684 43.93176527297759 56.859475903318 52.630789467763066 63.60031446463138 50.0 44.40720662234904 25.019992006393608 26.90724809414742 36.61966684720111 39.6232255123179 0.0 58.52349955359813 51.478150704935004 7.211102550927978 23.345235059857504 20.0 40.26164427839479 68.41052550594829 81.83520025025906 17.88854381999832 29.410882339705484 68.18357573492314 28.0178514522438 77.07788269017254 24.041630560342615 68.30812543175226 37.107950630558946 36.069377593742864 49.24428900898052 29.698484809834994 58.7962583843564 23.769728648009426 25.612496949731394 55.036351623268054 28.844410203711913 68.62215385719105 89.49860334105779 25.80697580112788 28.071337695236398 49.8196748283246 78.08969202141856 31.38470965295043 58.52349955359813 0.0 24.515301344262525 54.230987451824994 40.0 68.00735254367721 31.906112267087632 62.00806399170998 29.966648127543394 41.0 83.72574275573791 16.97056274847714 46.66904755831214 38.05259518088089 82.56512580987206 39.05124837953327 50.695167422546305 32.28002478313795 84.11896337925236 85.86617494683223 31.906112267087632 62.289646009589745 72.06247289678588 40.44749683231337 80.00624975587844 40.024992192379 52.009614495783374 47.4236228055175 55.10898293381942 56.859475903318 80.95060222135473 43.266615305567875 51.478150704935004 24.515301344262525 0.0 45.09988913511872 42.43819034784589 67.06713054842886 12.36931687685298 80.11242100947892 54.08326913195984 38.07886552931954 70.09279563550022 20.808652046684813 29.410882339705484 62.07253821135398 74.0 19.79898987322333 60.108235708594876 42.01190307520001 90.13878188659973 73.348483283569 52.392747589718944 64.41273166075166 72.2357252334328 16.0312195418814 78.44743462982075 20.518284528683193 76.23647421018367 31.04834939252005 60.21627686929839 70.0 43.41658669218482 39.11521443121589 7.211102550927978 54.230987451824994 45.09988913511872 0.0 23.259406699226016 26.90724809414742 33.54101966249684 71.02112361825881 79.20227269466452 15.620499351813308 30.479501308256342 62.64982043070834 20.808652046684813 76.05918747922567 29.154759474226502 61.40032573203501 40.11234224026316 35.510561809129406 55.758407437802596 31.906112267087632 58.249463516842795 29.546573405388315 32.55764119219941 47.92702786528704 36.05551275463989 61.68468205316454 89.05054744357274 18.601075237738275 32.2490309931942 53.08483775994799 39.21734310225516 16.278820596099706 23.345235059857504 40.0 42.43819034784589 23.259406699226016 0.0 28.0178514522438 35.4682957019364 49.040799340956916 59.481089431852205 9.0 52.630789467763066 53.36665625650534 33.734255586866 53.74011537017761 45.79301256742124 62.00806399170998 20.248456731316587 12.727922061357855 47.70744176750625 53.03772242470448 35.4682957019364 22.80350850198276 32.14031735997639 52.49761899362675 40.01249804748511 62.625873247404705 66.21933252457322 32.38826948140329 17.804493814764857 32.7566787083184 16.64331697709324 41.10960958218893 20.0 68.00735254367721 67.06713054842886 26.90724809414742 28.0178514522438 0.0 57.245087125446844 58.309518948453004 85.70297544426332 29.120439557122072 40.311288741492746 80.75270893288967 47.4236228055175 76.66159403508382 25.495097567963924 85.42833253669417 29.0 38.3275357934736 29.546573405388315 38.07886552931954 58.180752831155424 9.219544457292887 5.656854249492381 73.24616030891995 12.0 85.86617494683223 87.00574693662483 45.27692569068709 18.439088914585774 39.11521443121589 72.11102550927978 40.80441152620633 40.26164427839479 31.906112267087632 12.36931687685298 33.54101966249684 35.4682957019364 57.245087125446844 0.0 78.84795495128583 61.773780845922005 29.206163733020468 57.723478758647246 32.64965543462902 17.08800749063506 66.70832032063167 62.07253821135398 28.231188426986208 54.91812087098393 38.62641583165593 82.3286098510111 61.0 54.0 55.80322571321482 62.64982043070834 17.029386365926403 68.15423684555495 28.635642126552707 81.02468759581859 18.681541692269406 53.03772242470448 66.18912297349165 53.075418038862395 38.07886552931954 68.41052550594829 62.00806399170998 80.11242100947892 71.02112361825881 49.040799340956916 58.309518948453004 78.84795495128583 0.0 55.54277630799526 58.034472514187634 96.56603957913983 78.87331614684399 82.15229759416349 37.64306044943742 83.72574275573791 98.88377015466189 31.32091952673165 40.607881008493905 47.885279575251516 95.34149149242423 30.4138126514911 49.24428900898052 57.201398584300364 94.57801012920498 65.29931086925804 99.76472322419383 39.11521443121589 81.05553651663777 41.23105625617661 19.235384061671343 91.0823802938856 44.598206241955516 81.83520025025906 29.966648127543394 54.08326913195984 79.20227269466452 59.481089431852205 85.70297544426332 61.773780845922005 55.54277630799526 0.0 64.07027391856539 109.63576058932597 39.01281840626232 75.6042326857432 18.601075237738275 105.19030373565806 65.12296062065974 60.530983801686226 47.53945729601885 93.00537618869137 111.01801655587259 30.0 77.88452991448301 88.32326986700618 69.6419413859206 97.12363255150623 66.12110101926616 27.730849247724095 76.05918747922567 68.8839603971781 60.207972893961475 43.04648650006177 23.706539182259394 17.88854381999832 41.0 38.07886552931954 15.620499351813308 9.0 29.120439557122072 29.206163733020468 58.034472514187634 64.07027391856539 0.0 45.967379738244816 52.08646657242167 25.0 60.440052945046304 41.78516483155236 56.938563381947034 28.861739379323623 20.12461179749811 53.150729063673246 47.01063709417264 42.720018726587654 26.627053911388696 34.17601498127012 46.010868281309364 40.792156108742276 57.4543296888929 73.49829930005184 23.53720459187964 24.413111231467404 41.593268686170845 54.147945482723536 68.8839603971781 29.410882339705484 83.72574275573791 70.09279563550022 30.479501308256342 52.630789467763066 40.311288741492746 57.723478758647246 96.56603957913983 109.63576058932597 45.967379738244816 0.0 89.81091247727082 40.792156108742276 106.21675950620975 18.027756377319946 82.05485969764375 65.39113089708727 65.29931086925804 67.36467917239716 5.0 88.09086218218096 48.27007354458868 44.01136216933077 67.00746227100382 40.607881008493905 82.02438661763951 118.84864324004712 39.05124837953327 55.362442142665635 77.4919350642375 92.44457799135652 47.50789408087881 68.18357573492314 16.97056274847714 20.808652046684813 62.64982043070834 53.36665625650534 80.75270893288967 32.64965543462902 78.87331614684399 39.01281840626232 52.08646657242167 89.81091247727082 0.0 49.658836071740545 51.92301994298868 91.7877987534291 26.1725046566048 66.64833081180653 47.853944456021594 99.53893710503444 92.72000862812729 48.60041152089147 76.15773105863909 85.32877591996736 33.28663395418648 92.65527507918802 27.16615541441225 64.93843238021688 51.07837115648854 69.8927750200262 73.60027173862879 63.655321851358195 45.17742799230607 28.0178514522438 46.66904755831214 29.410882339705484 20.808652046684813 33.734255586866 47.4236228055175 17.08800749063506 82.15229759416349 75.6042326857432 25.0 40.792156108742276 49.658836071740545 0.0 77.47257579298626 46.87216658103186 42.2965719651132 53.85164807134504 42.04759208325728 75.43208866258443 44.28317965096906 62.0966987850401 48.60041152089147 53.075418038862395 27.892651361962706 56.859475903318 42.42640687119285 91.54780172128658 2.23606797749979 48.75448697299562 66.49060083951716 79.05694150420949 37.48332962798263 77.07788269017254 38.05259518088089 62.07253821135398 76.05918747922567 53.74011537017761 76.66159403508382 66.70832032063167 37.64306044943742 18.601075237738275 60.440052945046304 106.21675950620975 51.92301994298868 77.47257579298626 0.0 98.85848471426213 76.79192665899195 48.84669896727925 41.012193308819754 78.91767862779544 106.77546534667971 18.601075237738275 68.0 78.26237921249263 78.10249675906654 87.20665112249179 77.78174593052023 14.317821063276353 77.38862965578342 58.59180830116101 45.39823785126467 37.05401462729781 61.61168720299745 24.041630560342615 82.56512580987206 74.0 29.154759474226502 45.79301256742124 25.495097567963924 62.07253821135398 83.72574275573791 105.19030373565806 41.78516483155236 18.027756377319946 91.7877987534291 46.87216658103186 98.85848471426213 0.0 89.10667763978185 53.600373133029585 58.249463516842795 50.00999900019995 14.142135623730951 80.2807573457052 34.48187929913333 27.892651361962706 74.73285756613352 23.021728866442675 89.26925562588724 110.34491379306978 44.721359549995796 43.01162633521314 64.4980619863884 99.98499887483122 62.80127387243033 68.30812543175226 39.05124837953327 19.79898987322333 61.40032573203501 62.00806399170998 85.42833253669417 28.231188426986208 98.88377015466189 65.12296062065974 56.938563381947034 82.05485969764375 26.1725046566048 42.2965719651132 76.79192665899195 89.10667763978185 0.0 79.90619500389191 61.71709649683789 109.62207806824317 86.0 70.00714249274856 83.52843827104634 90.78546139112804 15.132745950421556 96.38464608017192 1.0 90.35485598461214 44.40720662234904 79.81227975693966 89.64373932405988 30.59411708155671 19.313207915827967 37.107950630558946 50.695167422546305 60.108235708594876 40.11234224026316 20.248456731316587 29.0 54.91812087098393 31.32091952673165 60.530983801686226 28.861739379323623 65.39113089708727 66.64833081180653 53.85164807134504 48.84669896727925 53.600373133029585 79.90619500389191 0.0 18.867962264113206 33.734255586866 64.41273166075166 31.04834939252005 19.849433241279208 29.68164415931166 71.84705978674423 38.58756276314948 80.62257748298549 58.249463516842795 52.392747589718944 10.63014581273465 13.0 46.17358552246078 3.605551275463989 36.069377593742864 32.28002478313795 42.01190307520001 35.510561809129406 12.727922061357855 38.3275357934736 38.62641583165593 40.607881008493905 47.53945729601885 20.12461179749811 65.29931086925804 47.853944456021594 42.04759208325728 41.012193308819754 58.249463516842795 61.71709649683789 18.867962264113206 0.0 51.86520991955976 65.76473218982953 22.80350850198276 31.144823004794873 41.43669871020132 55.00909015790027 50.00999900019995 62.48199740725323 53.600373133029585 41.19465984809196 23.08679276123039 28.0178514522438 13.341664064126334 52.88667128870941 49.24428900898052 84.11896337925236 90.13878188659973 55.758407437802596 47.70744176750625 29.546573405388315 82.3286098510111 47.885279575251516 93.00537618869137 53.150729063673246 67.36467917239716 99.53893710503444 75.43208866258443 78.91767862779544 50.00999900019995 109.62207806824317 33.734255586866 51.86520991955976 0.0 64.07027391856539 63.00793600809346 26.90724809414742 24.351591323771842 99.15644204992432 27.0 110.20889256316842 85.07055894961546 73.40980860893181 30.01666203960727 33.54101966249684 51.0 69.31089380465383 29.698484809834994 85.86617494683223 73.348483283569 31.906112267087632 53.03772242470448 38.07886552931954 61.0 95.34149149242423 111.01801655587259 47.01063709417264 5.0 92.72000862812729 44.28317965096906 106.77546534667971 14.142135623730951 86.0 64.41273166075166 65.76473218982953 64.07027391856539 0.0 88.45903006477066 46.486557196677836 41.30375285612676 71.02816342831905 37.12142238654117 86.00581375697809 119.09659944767525 42.42640687119285 54.12947441089743 76.15773105863909 61.61168720299745 19.209372712298546 58.7962583843564 31.906112267087632 52.392747589718944 58.249463516842795 35.4682957019364 58.180752831155424 54.0 30.4138126514911 30.0 42.720018726587654 88.09086218218096 48.60041152089147 62.0966987850401 18.601075237738275 80.2807573457052 70.00714249274856 31.04834939252005 22.80350850198276 63.00793600809346 88.45903006477066 0.0 49.658836071740545 60.00833275470999 67.89698078707183 68.94200461257273 70.9365914038728 30.805843601498726 61.68468205316454 40.311288741492746 30.4138126514911 16.55294535724685 33.54101966249684 23.769728648009426 62.289646009589745 64.41273166075166 29.546573405388315 22.80350850198276 9.219544457292887 55.80322571321482 49.24428900898052 77.88452991448301 26.627053911388696 48.27007354458868 76.15773105863909 48.60041152089147 68.0 34.48187929913333 83.52843827104634 19.849433241279208 31.144823004794873 26.90724809414742 46.486557196677836 49.658836071740545 0.0 10.44030650891055 72.47068372797375 19.313207915827967 84.05950273467003 78.00640999302557 46.61544808322666 9.433981132056603 30.01666203960727 11.180339887498949 43.93176527297759 25.612496949731394 72.06247289678588 72.2357252334328 32.55764119219941 32.14031735997639 5.656854249492381 62.64982043070834 57.201398584300364 88.32326986700618 34.17601498127012 44.01136216933077 85.32877591996736 53.075418038862395 78.26237921249263 27.892651361962706 90.78546139112804 29.68164415931166 41.43669871020132 24.351591323771842 41.30375285612676 60.00833275470999 10.44030650891055 0.0 78.77182237323191 8.94427190999916 91.2414379544733 87.92041856133307 50.93132631298737 19.697715603592208 38.28837943815329 88.60022573334675 56.859475903318 55.036351623268054 40.44749683231337 16.0312195418814 47.92702786528704 52.49761899362675 73.24616030891995 17.029386365926403 94.57801012920498 69.6419413859206 46.010868281309364 67.00746227100382 33.28663395418648 27.892651361962706 78.10249675906654 74.73285756613352 15.132745950421556 71.84705978674423 55.00909015790027 99.15644204992432 71.02816342831905 67.89698078707183 72.47068372797375 78.77182237323191 0.0 83.64807230295268 15.033296378372908 92.26592003551474 30.083217912982647 70.03570517957252 82.85529554590944 14.317821063276353 52.630789467763066 28.844410203711913 80.00624975587844 78.44743462982075 36.05551275463989 40.01249804748511 12.0 68.15423684555495 65.29931086925804 97.12363255150623 40.792156108742276 40.607881008493905 92.65527507918802 56.859475903318 87.20665112249179 23.021728866442675 96.38464608017192 38.58756276314948 50.00999900019995 27.0 37.12142238654117 68.94200461257273 19.313207915827967 8.94427190999916 83.64807230295268 0.0 96.77293009927931 96.79876032264049 54.644304369257 28.635642126552707 46.66904755831214 100.4987562112089 63.60031446463138 68.62215385719105 40.024992192379 20.518284528683193 61.68468205316454 62.625873247404705 85.86617494683223 28.635642126552707 99.76472322419383 66.12110101926616 57.4543296888929 82.02438661763951 27.16615541441225 42.42640687119285 77.78174593052023 89.26925562588724 1.0 80.62257748298549 62.48199740725323 110.20889256316842 86.00581375697809 70.9365914038728 84.05950273467003 91.2414379544733 15.033296378372908 96.77293009927931 0.0 91.35097153287424 44.553338819890925 80.43009387039157 90.4267659490264 87.20665112249179 50.0 89.49860334105779 52.009614495783374 76.23647421018367 89.05054744357274 66.21933252457322 87.00574693662483 81.02468759581859 39.11521443121589 27.730849247724095 73.49829930005184 118.84864324004712 64.93843238021688 91.54780172128658 14.317821063276353 110.34491379306978 90.35485598461214 58.249463516842795 53.600373133029585 85.07055894961546 119.09659944767525 30.805843601498726 78.00640999302557 87.92041856133307 92.26592003551474 96.79876032264049 91.35097153287424 0.0 91.3892772703669 68.60029154456998 52.0 61.554853586049575 44.40720662234904 25.80697580112788 47.4236228055175 31.04834939252005 18.601075237738275 32.38826948140329 45.27692569068709 18.681541692269406 81.05553651663777 76.05918747922567 23.53720459187964 39.05124837953327 51.07837115648854 2.23606797749979 77.38862965578342 44.721359549995796 44.40720662234904 52.392747589718944 41.19465984809196 73.40980860893181 42.42640687119285 61.68468205316454 46.61544808322666 50.93132631298737 30.083217912982647 54.644304369257 44.553338819890925 91.3892772703669 0.0 47.01063709417264 65.11528238439882 23.08679276123039 25.019992006393608 28.071337695236398 55.10898293381942 60.21627686929839 32.2490309931942 17.804493814764857 18.439088914585774 53.03772242470448 41.23105625617661 68.8839603971781 24.413111231467404 55.362442142665635 69.8927750200262 48.75448697299562 58.59180830116101 43.01162633521314 79.81227975693966 10.63014581273465 23.08679276123039 30.01666203960727 54.12947441089743 40.311288741492746 9.433981132056603 19.697715603592208 70.03570517957252 28.635642126552707 80.43009387039157 68.60029154456998 47.01063709417264 0.0 22.135943621178654 35.510561809129406 26.90724809414742 49.8196748283246 56.859475903318 70.0 53.08483775994799 32.7566787083184 39.11521443121589 66.18912297349165 19.235384061671343 60.207972893961475 41.593268686170845 77.4919350642375 73.60027173862879 66.49060083951716 45.39823785126467 64.4980619863884 89.64373932405988 13.0 28.0178514522438 33.54101966249684 76.15773105863909 30.4138126514911 30.01666203960727 38.28837943815329 82.85529554590944 46.66904755831214 90.4267659490264 52.0 65.11528238439882 22.135943621178654 0.0

rob_x  0 0 0 0 0 0 0 0 0 0 0 0 0 0 0 0 0 0 0 0 0 0 0 0 0 0 0 0 0 0 0 0
rob_y  0 0 0 0 0 0 0 0 0 0 0 0 0 0 0 0 0 0 0 0 0 0 0 0 0 0 0 0 0 0 0 0
rob_vel  1 1 1 1 1 1 1 1 1 1 1 1 1 1 1 1 1 1 1 1 1 1 1 1 1 1 1 1 1 1 1 1
rob_abi  0.8169484146906972 0.1008369033374742 0.9336194111626543 0.4470673665048288 0.5226885107775957 0.7289122680044158 0.2823790544002454 0.47934568604705274 0.08026366849994586 0.3770290690146128 0.39566802490548425 0.6760620008370528 0.4725873700039231 0.768624973689224 0.7100766140348834 0.4535501960360578 0.7473532290165789 0.3795820901745062 0.32663997277813195 0.9369391587341562 0.26305769649973 0.3489042255694076 0.7843029928877063 0.5956072079514662 0.3812095881121006 0.7353482178224785 0.18076829225828556 0.8536299205723232 0.8450647233750409 0.4513097145115978 0.5189488939866945 0.1280992925236024

tsk_x  4 52 25 81 76 31 41 13 64 43 94 41 8 93 48 79 2 90 34 50 1 4 64 19 9 75 1 90 82 46 27 34
tsk_y  42 43 72 55 79 76 55 56 82 6 28 64 96 67 88 17 79 93 36 46 29 93 28 49 52 95 56 94 3 87 44 23
tsk_rat  0.5781961712760062 0.6115825676347719 0.5641326109506963 0.7671412869902339 0.032352437651501455 0.9302171244984571 0.6629191089738008 0.9703494044772829 0.5595214648662209 0.2587700978445469 0.7408569026235615 0.9488542442787464 0.5809758793938706 0.06073043671849969 0.7563902131190728 0.9201174487915234 0.99410239899625 0.5966797599015956 0.5697298742778383 1.0450281084339559 0.2720871906881779 0.8304810113473492 0.9890066790298608 0.2784682872163671 0.7745814938236468 0.7675744689232167 0.9395872597076796 0.583264782657772 0.7714215161023291 0.8414907648537208 0.20408012067950304 0.12392816982605787
tsk_state  1 1 1 1 1 1 1 1 1 1 1 1 1 1 1 1 1 1 1 1 1 1 1 1 1 1 1 1 1 1 1 1
