time 2019-02-27 16:22:34
32_32_CENTRAL_RANDOM_LVSCV_SVLCV_thre0.1
robNum  32
taskNum  32
comp_threhold  0.1
rob2tskDis  46.09772228646444 50.0 51.419840528729765 41.773197148410844 39.05124837953327 53.48831648126533 37.48332962798263 22.47220505424423 20.248456731316587 57.14017850864661 56.43580423808985 23.345235059857504 54.08326913195984 24.08318915758459 43.289721643826724 49.64876634922564 48.507731342539614 50.21951811795888 28.0178514522438 48.662100242385755 37.33630940518894 52.20153254455275 51.85556864985669 51.088159097779204 25.298221281347036 47.51841748206689 7.211102550927978 45.27692569068709 56.22277118748239 55.47071299343465 52.392747589718944 51.62363799656123 46.09772228646444 50.0 51.419840528729765 41.773197148410844 39.05124837953327 53.48831648126533 37.48332962798263 22.47220505424423 20.248456731316587 57.14017850864661 56.43580423808985 23.345235059857504 54.08326913195984 24.08318915758459 43.289721643826724 49.64876634922564 48.507731342539614 50.21951811795888 28.0178514522438 48.662100242385755 37.33630940518894 52.20153254455275 51.85556864985669 51.088159097779204 25.298221281347036 47.51841748206689 7.211102550927978 45.27692569068709 56.22277118748239 55.47071299343465 52.392747589718944 51.62363799656123 46.09772228646444 50.0 51.419840528729765 41.773197148410844 39.05124837953327 53.48831648126533 37.48332962798263 22.47220505424423 20.248456731316587 57.14017850864661 56.43580423808985 23.345235059857504 54.08326913195984 24.08318915758459 43.289721643826724 49.64876634922564 48.507731342539614 50.21951811795888 28.0178514522438 48.662100242385755 37.33630940518894 52.20153254455275 51.85556864985669 51.088159097779204 25.298221281347036 47.51841748206689 7.211102550927978 45.27692569068709 56.22277118748239 55.47071299343465 52.392747589718944 51.62363799656123 46.09772228646444 50.0 51.419840528729765 41.773197148410844 39.05124837953327 53.48831648126533 37.48332962798263 22.47220505424423 20.248456731316587 57.14017850864661 56.43580423808985 23.345235059857504 54.08326913195984 24.08318915758459 43.289721643826724 49.64876634922564 48.507731342539614 50.21951811795888 28.0178514522438 48.662100242385755 37.33630940518894 52.20153254455275 51.85556864985669 51.088159097779204 25.298221281347036 47.51841748206689 7.211102550927978 45.27692569068709 56.22277118748239 55.47071299343465 52.392747589718944 51.62363799656123 46.09772228646444 50.0 51.419840528729765 41.773197148410844 39.05124837953327 53.48831648126533 37.48332962798263 22.47220505424423 20.248456731316587 57.14017850864661 56.43580423808985 23.345235059857504 54.08326913195984 24.08318915758459 43.289721643826724 49.64876634922564 48.507731342539614 50.21951811795888 28.0178514522438 48.662100242385755 37.33630940518894 52.20153254455275 51.85556864985669 51.088159097779204 25.298221281347036 47.51841748206689 7.211102550927978 45.27692569068709 56.22277118748239 55.47071299343465 52.392747589718944 51.62363799656123 46.09772228646444 50.0 51.419840528729765 41.773197148410844 39.05124837953327 53.48831648126533 37.48332962798263 22.47220505424423 20.248456731316587 57.14017850864661 56.43580423808985 23.345235059857504 54.08326913195984 24.08318915758459 43.289721643826724 49.64876634922564 48.507731342539614 50.21951811795888 28.0178514522438 48.662100242385755 37.33630940518894 52.20153254455275 51.85556864985669 51.088159097779204 25.298221281347036 47.51841748206689 7.211102550927978 45.27692569068709 56.22277118748239 55.47071299343465 52.392747589718944 51.62363799656123 46.09772228646444 50.0 51.419840528729765 41.773197148410844 39.05124837953327 53.48831648126533 37.48332962798263 22.47220505424423 20.248456731316587 57.14017850864661 56.43580423808985 23.345235059857504 54.08326913195984 24.08318915758459 43.289721643826724 49.64876634922564 48.507731342539614 50.21951811795888 28.0178514522438 48.662100242385755 37.33630940518894 52.20153254455275 51.85556864985669 51.088159097779204 25.298221281347036 47.51841748206689 7.211102550927978 45.27692569068709 56.22277118748239 55.47071299343465 52.392747589718944 51.62363799656123 46.09772228646444 50.0 51.419840528729765 41.773197148410844 39.05124837953327 53.48831648126533 37.48332962798263 22.47220505424423 20.248456731316587 57.14017850864661 56.43580423808985 23.345235059857504 54.08326913195984 24.08318915758459 43.289721643826724 49.64876634922564 48.507731342539614 50.21951811795888 28.0178514522438 48.662100242385755 37.33630940518894 52.20153254455275 51.85556864985669 51.088159097779204 25.298221281347036 47.51841748206689 7.211102550927978 45.27692569068709 56.22277118748239 55.47071299343465 52.392747589718944 51.62363799656123 46.09772228646444 50.0 51.419840528729765 41.773197148410844 39.05124837953327 53.48831648126533 37.48332962798263 22.47220505424423 20.248456731316587 57.14017850864661 56.43580423808985 23.345235059857504 54.08326913195984 24.08318915758459 43.289721643826724 49.64876634922564 48.507731342539614 50.21951811795888 28.0178514522438 48.662100242385755 37.33630940518894 52.20153254455275 51.85556864985669 51.088159097779204 25.298221281347036 47.51841748206689 7.211102550927978 45.27692569068709 56.22277118748239 55.47071299343465 52.392747589718944 51.62363799656123 46.09772228646444 50.0 51.419840528729765 41.773197148410844 39.05124837953327 53.48831648126533 37.48332962798263 22.47220505424423 20.248456731316587 57.14017850864661 56.43580423808985 23.345235059857504 54.08326913195984 24.08318915758459 43.289721643826724 49.64876634922564 48.507731342539614 50.21951811795888 28.0178514522438 48.662100242385755 37.33630940518894 52.20153254455275 51.85556864985669 51.088159097779204 25.298221281347036 47.51841748206689 7.211102550927978 45.27692569068709 56.22277118748239 55.47071299343465 52.392747589718944 51.62363799656123 46.09772228646444 50.0 51.419840528729765 41.773197148410844 39.05124837953327 53.48831648126533 37.48332962798263 22.47220505424423 20.248456731316587 57.14017850864661 56.43580423808985 23.345235059857504 54.08326913195984 24.08318915758459 43.289721643826724 49.64876634922564 48.507731342539614 50.21951811795888 28.0178514522438 48.662100242385755 37.33630940518894 52.20153254455275 51.85556864985669 51.088159097779204 25.298221281347036 47.51841748206689 7.211102550927978 45.27692569068709 56.22277118748239 55.47071299343465 52.392747589718944 51.62363799656123 46.09772228646444 50.0 51.419840528729765 41.773197148410844 39.05124837953327 53.48831648126533 37.48332962798263 22.47220505424423 20.248456731316587 57.14017850864661 56.43580423808985 23.345235059857504 54.08326913195984 24.08318915758459 43.289721643826724 49.64876634922564 48.507731342539614 50.21951811795888 28.0178514522438 48.662100242385755 37.33630940518894 52.20153254455275 51.85556864985669 51.088159097779204 25.298221281347036 47.51841748206689 7.211102550927978 45.27692569068709 56.22277118748239 55.47071299343465 52.392747589718944 51.62363799656123 46.09772228646444 50.0 51.419840528729765 41.773197148410844 39.05124837953327 53.48831648126533 37.48332962798263 22.47220505424423 20.248456731316587 57.14017850864661 56.43580423808985 23.345235059857504 54.08326913195984 24.08318915758459 43.289721643826724 49.64876634922564 48.507731342539614 50.21951811795888 28.0178514522438 48.662100242385755 37.33630940518894 52.20153254455275 51.85556864985669 51.088159097779204 25.298221281347036 47.51841748206689 7.211102550927978 45.27692569068709 56.22277118748239 55.47071299343465 52.392747589718944 51.62363799656123 46.09772228646444 50.0 51.419840528729765 41.773197148410844 39.05124837953327 53.48831648126533 37.48332962798263 22.47220505424423 20.248456731316587 57.14017850864661 56.43580423808985 23.345235059857504 54.08326913195984 24.08318915758459 43.289721643826724 49.64876634922564 48.507731342539614 50.21951811795888 28.0178514522438 48.662100242385755 37.33630940518894 52.20153254455275 51.85556864985669 51.088159097779204 25.298221281347036 47.51841748206689 7.211102550927978 45.27692569068709 56.22277118748239 55.47071299343465 52.392747589718944 51.62363799656123 46.09772228646444 50.0 51.419840528729765 41.773197148410844 39.05124837953327 53.48831648126533 37.48332962798263 22.47220505424423 20.248456731316587 57.14017850864661 56.43580423808985 23.345235059857504 54.08326913195984 24.08318915758459 43.289721643826724 49.64876634922564 48.507731342539614 50.21951811795888 28.0178514522438 48.662100242385755 37.33630940518894 52.20153254455275 51.85556864985669 51.088159097779204 25.298221281347036 47.51841748206689 7.211102550927978 45.27692569068709 56.22277118748239 55.47071299343465 52.392747589718944 51.62363799656123 46.09772228646444 50.0 51.419840528729765 41.773197148410844 39.05124837953327 53.48831648126533 37.48332962798263 22.47220505424423 20.248456731316587 57.14017850864661 56.43580423808985 23.345235059857504 54.08326913195984 24.08318915758459 43.289721643826724 49.64876634922564 48.507731342539614 50.21951811795888 28.0178514522438 48.662100242385755 37.33630940518894 52.20153254455275 51.85556864985669 51.088159097779204 25.298221281347036 47.51841748206689 7.211102550927978 45.27692569068709 56.22277118748239 55.47071299343465 52.392747589718944 51.62363799656123 46.09772228646444 50.0 51.419840528729765 41.773197148410844 39.05124837953327 53.48831648126533 37.48332962798263 22.47220505424423 20.248456731316587 57.14017850864661 56.43580423808985 23.345235059857504 54.08326913195984 24.08318915758459 43.289721643826724 49.64876634922564 48.507731342539614 50.21951811795888 28.0178514522438 48.662100242385755 37.33630940518894 52.20153254455275 51.85556864985669 51.088159097779204 25.298221281347036 47.51841748206689 7.211102550927978 45.27692569068709 56.22277118748239 55.47071299343465 52.392747589718944 51.62363799656123 46.09772228646444 50.0 51.419840528729765 41.773197148410844 39.05124837953327 53.48831648126533 37.48332962798263 22.47220505424423 20.248456731316587 57.14017850864661 56.43580423808985 23.345235059857504 54.08326913195984 24.08318915758459 43.289721643826724 49.64876634922564 48.507731342539614 50.21951811795888 28.0178514522438 48.662100242385755 37.33630940518894 52.20153254455275 51.85556864985669 51.088159097779204 25.298221281347036 47.51841748206689 7.211102550927978 45.27692569068709 56.22277118748239 55.47071299343465 52.392747589718944 51.62363799656123 46.09772228646444 50.0 51.419840528729765 41.773197148410844 39.05124837953327 53.48831648126533 37.48332962798263 22.47220505424423 20.248456731316587 57.14017850864661 56.43580423808985 23.345235059857504 54.08326913195984 24.08318915758459 43.289721643826724 49.64876634922564 48.507731342539614 50.21951811795888 28.0178514522438 48.662100242385755 37.33630940518894 52.20153254455275 51.85556864985669 51.088159097779204 25.298221281347036 47.51841748206689 7.211102550927978 45.27692569068709 56.22277118748239 55.47071299343465 52.392747589718944 51.62363799656123 46.09772228646444 50.0 51.419840528729765 41.773197148410844 39.05124837953327 53.48831648126533 37.48332962798263 22.47220505424423 20.248456731316587 57.14017850864661 56.43580423808985 23.345235059857504 54.08326913195984 24.08318915758459 43.289721643826724 49.64876634922564 48.507731342539614 50.21951811795888 28.0178514522438 48.662100242385755 37.33630940518894 52.20153254455275 51.85556864985669 51.088159097779204 25.298221281347036 47.51841748206689 7.211102550927978 45.27692569068709 56.22277118748239 55.47071299343465 52.392747589718944 51.62363799656123 46.09772228646444 50.0 51.419840528729765 41.773197148410844 39.05124837953327 53.48831648126533 37.48332962798263 22.47220505424423 20.248456731316587 57.14017850864661 56.43580423808985 23.345235059857504 54.08326913195984 24.08318915758459 43.289721643826724 49.64876634922564 48.507731342539614 50.21951811795888 28.0178514522438 48.662100242385755 37.33630940518894 52.20153254455275 51.85556864985669 51.088159097779204 25.298221281347036 47.51841748206689 7.211102550927978 45.27692569068709 56.22277118748239 55.47071299343465 52.392747589718944 51.62363799656123 46.09772228646444 50.0 51.419840528729765 41.773197148410844 39.05124837953327 53.48831648126533 37.48332962798263 22.47220505424423 20.248456731316587 57.14017850864661 56.43580423808985 23.345235059857504 54.08326913195984 24.08318915758459 43.289721643826724 49.64876634922564 48.507731342539614 50.21951811795888 28.0178514522438 48.662100242385755 37.33630940518894 52.20153254455275 51.85556864985669 51.088159097779204 25.298221281347036 47.51841748206689 7.211102550927978 45.27692569068709 56.22277118748239 55.47071299343465 52.392747589718944 51.62363799656123 46.09772228646444 50.0 51.419840528729765 41.773197148410844 39.05124837953327 53.48831648126533 37.48332962798263 22.47220505424423 20.248456731316587 57.14017850864661 56.43580423808985 23.345235059857504 54.08326913195984 24.08318915758459 43.289721643826724 49.64876634922564 48.507731342539614 50.21951811795888 28.0178514522438 48.662100242385755 37.33630940518894 52.20153254455275 51.85556864985669 51.088159097779204 25.298221281347036 47.51841748206689 7.211102550927978 45.27692569068709 56.22277118748239 55.47071299343465 52.392747589718944 51.62363799656123 46.09772228646444 50.0 51.419840528729765 41.773197148410844 39.05124837953327 53.48831648126533 37.48332962798263 22.47220505424423 20.248456731316587 57.14017850864661 56.43580423808985 23.345235059857504 54.08326913195984 24.08318915758459 43.289721643826724 49.64876634922564 48.507731342539614 50.21951811795888 28.0178514522438 48.662100242385755 37.33630940518894 52.20153254455275 51.85556864985669 51.088159097779204 25.298221281347036 47.51841748206689 7.211102550927978 45.27692569068709 56.22277118748239 55.47071299343465 52.392747589718944 51.62363799656123 46.09772228646444 50.0 51.419840528729765 41.773197148410844 39.05124837953327 53.48831648126533 37.48332962798263 22.47220505424423 20.248456731316587 57.14017850864661 56.43580423808985 23.345235059857504 54.08326913195984 24.08318915758459 43.289721643826724 49.64876634922564 48.507731342539614 50.21951811795888 28.0178514522438 48.662100242385755 37.33630940518894 52.20153254455275 51.85556864985669 51.088159097779204 25.298221281347036 47.51841748206689 7.211102550927978 45.27692569068709 56.22277118748239 55.47071299343465 52.392747589718944 51.62363799656123 46.09772228646444 50.0 51.419840528729765 41.773197148410844 39.05124837953327 53.48831648126533 37.48332962798263 22.47220505424423 20.248456731316587 57.14017850864661 56.43580423808985 23.345235059857504 54.08326913195984 24.08318915758459 43.289721643826724 49.64876634922564 48.507731342539614 50.21951811795888 28.0178514522438 48.662100242385755 37.33630940518894 52.20153254455275 51.85556864985669 51.088159097779204 25.298221281347036 47.51841748206689 7.211102550927978 45.27692569068709 56.22277118748239 55.47071299343465 52.392747589718944 51.62363799656123 46.09772228646444 50.0 51.419840528729765 41.773197148410844 39.05124837953327 53.48831648126533 37.48332962798263 22.47220505424423 20.248456731316587 57.14017850864661 56.43580423808985 23.345235059857504 54.08326913195984 24.08318915758459 43.289721643826724 49.64876634922564 48.507731342539614 50.21951811795888 28.0178514522438 48.662100242385755 37.33630940518894 52.20153254455275 51.85556864985669 51.088159097779204 25.298221281347036 47.51841748206689 7.211102550927978 45.27692569068709 56.22277118748239 55.47071299343465 52.392747589718944 51.62363799656123 46.09772228646444 50.0 51.419840528729765 41.773197148410844 39.05124837953327 53.48831648126533 37.48332962798263 22.47220505424423 20.248456731316587 57.14017850864661 56.43580423808985 23.345235059857504 54.08326913195984 24.08318915758459 43.289721643826724 49.64876634922564 48.507731342539614 50.21951811795888 28.0178514522438 48.662100242385755 37.33630940518894 52.20153254455275 51.85556864985669 51.088159097779204 25.298221281347036 47.51841748206689 7.211102550927978 45.27692569068709 56.22277118748239 55.47071299343465 52.392747589718944 51.62363799656123 46.09772228646444 50.0 51.419840528729765 41.773197148410844 39.05124837953327 53.48831648126533 37.48332962798263 22.47220505424423 20.248456731316587 57.14017850864661 56.43580423808985 23.345235059857504 54.08326913195984 24.08318915758459 43.289721643826724 49.64876634922564 48.507731342539614 50.21951811795888 28.0178514522438 48.662100242385755 37.33630940518894 52.20153254455275 51.85556864985669 51.088159097779204 25.298221281347036 47.51841748206689 7.211102550927978 45.27692569068709 56.22277118748239 55.47071299343465 52.392747589718944 51.62363799656123 46.09772228646444 50.0 51.419840528729765 41.773197148410844 39.05124837953327 53.48831648126533 37.48332962798263 22.47220505424423 20.248456731316587 57.14017850864661 56.43580423808985 23.345235059857504 54.08326913195984 24.08318915758459 43.289721643826724 49.64876634922564 48.507731342539614 50.21951811795888 28.0178514522438 48.662100242385755 37.33630940518894 52.20153254455275 51.85556864985669 51.088159097779204 25.298221281347036 47.51841748206689 7.211102550927978 45.27692569068709 56.22277118748239 55.47071299343465 52.392747589718944 51.62363799656123 46.09772228646444 50.0 51.419840528729765 41.773197148410844 39.05124837953327 53.48831648126533 37.48332962798263 22.47220505424423 20.248456731316587 57.14017850864661 56.43580423808985 23.345235059857504 54.08326913195984 24.08318915758459 43.289721643826724 49.64876634922564 48.507731342539614 50.21951811795888 28.0178514522438 48.662100242385755 37.33630940518894 52.20153254455275 51.85556864985669 51.088159097779204 25.298221281347036 47.51841748206689 7.211102550927978 45.27692569068709 56.22277118748239 55.47071299343465 52.392747589718944 51.62363799656123 46.09772228646444 50.0 51.419840528729765 41.773197148410844 39.05124837953327 53.48831648126533 37.48332962798263 22.47220505424423 20.248456731316587 57.14017850864661 56.43580423808985 23.345235059857504 54.08326913195984 24.08318915758459 43.289721643826724 49.64876634922564 48.507731342539614 50.21951811795888 28.0178514522438 48.662100242385755 37.33630940518894 52.20153254455275 51.85556864985669 51.088159097779204 25.298221281347036 47.51841748206689 7.211102550927978 45.27692569068709 56.22277118748239 55.47071299343465 52.392747589718944 51.62363799656123
tskDis  0.0 11.180339887498949 95.02105029939419 22.80350850198276 10.0 29.427877939124322 80.06247560499239 48.27007354458868 65.45991139621256 101.6366075781753 42.5440947723653 62.289646009589745 92.19544457292888 40.311288741492746 15.132745950421556 35.35533905932738 80.61017305526642 89.87213138676528 73.55270219373317 18.24828759089466 61.71709649683789 47.43416490252569 32.31098884280702 92.11405973031478 39.56008088970496 53.03772242470448 51.54609587543949 61.032778078668514 86.92525524840292 92.31467922275417 93.64827814754524 46.04345773288535 11.180339887498949 0.0 100.71742649611338 33.83784863137726 11.180339887498949 19.0 80.65358020571685 46.95742752749558 67.89698078707183 102.7861858422619 53.71219600798314 68.8839603971781 99.62429422585637 38.47076812334269 8.602325267042627 46.52956049652737 77.80102827083971 89.00561780022652 78.00640999302557 8.246211251235321 58.25804665451803 58.52349955359813 43.46262762420146 91.706052144883 48.373546489791295 63.702433234531945 54.3323108288245 71.06335201775947 95.71311299921238 90.4267659490264 100.22474744293447 57.14017850864661 95.02105029939419 100.71742649611338 0.0 82.56512580987206 89.56003573022959 104.69479452198185 45.79301256742124 66.73080248281148 40.22437072223753 43.04648650006177 86.33075929238663 33.24154027718932 18.681541692269406 72.49827584156743 94.54099639838793 83.21658488546619 70.178344238091 57.0087712549569 24.596747752497688 100.0199980003999 73.66138744281159 77.41446893184762 87.5956619930462 53.75872022286245 59.22837157984339 66.88796603276258 49.39635614091387 55.80322571321482 35.34119409414458 65.55150646628954 9.219544457292887 77.82673062643708 22.80350850198276 33.83784863137726 82.56512580987206 0.0 27.202941017470888 50.695167422546305 79.20858539325141 54.12947441089743 61.84658438426491 98.60020283954795 21.213203435596427 49.47726750741192 76.02631123499285 48.38388161361178 35.11409973215888 13.341664064126334 86.45229898620394 91.43850392476902 64.88451279003334 39.81205847478876 70.00714249274856 24.698178070456937 12.165525060596439 92.65527507918802 23.345235059857504 30.610455730027933 48.79549159502341 39.81205847478876 67.91170738539859 95.80187889597991 79.30952023559341 23.323807579381203 10.0 11.180339887498949 89.56003573022959 27.202941017470888 0.0 23.706539182259394 71.17583859709698 38.600518131237564 57.48912940721924 93.04837451562494 48.27007354458868 57.723478758647246 88.54377448471462 30.479501308256342 8.06225774829855 40.52159917870962 70.7248188403477 80.45495634204272 67.00746227100382 13.45362404707371 51.73973328110612 51.478150704935004 38.47076812334269 82.85529554590944 38.01315561749642 55.21775076911409 43.73785545725808 61.5223536610881 85.0881895447306 82.61961026293939 89.05054744357274 50.15974481593781 29.427877939124322 19.0 104.69479452198185 50.695167422546305 23.706539182259394 0.0 76.4198926981712 42.04759208325728 67.47592163134935 98.73196037757987 71.47027354082255 75.59100475585703 106.89246933250256 34.0147027033899 15.652475842498529 63.90618123468183 68.0294054067798 82.00609733428362 80.52328855678958 11.180339887498949 48.46648326421054 75.15317691222374 61.40032573203501 85.37564055396598 60.108235708594876 78.77182237323191 55.54277630799526 84.38601779915912 105.80170130957252 81.70679286326198 105.84894897919393 73.824115301167 80.06247560499239 80.65358020571685 45.79301256742124 79.20858539325141 71.17583859709698 76.4198926981712 0.0 34.52535300326414 18.35755975068582 22.360679774997898 93.23089616645332 43.93176527297759 60.08327554319921 42.95346318982906 72.42237223399962 86.83317338436964 24.413111231467404 14.317821063276353 28.071337695236398 76.40026177965623 32.57299494980466 87.8179936004006 89.27485648266257 13.892443989449804 61.29437168288782 81.02468759581859 30.4138126514911 75.0 71.56814934033156 22.0 52.80151512977634 87.46427842267951 48.27007354458868 46.95742752749558 66.73080248281148 54.12947441089743 38.600518131237564 42.04759208325728 34.52535300326414 0.0 26.92582403567252 56.88585061331157 72.80109889280519 44.654227123532216 73.55270219373317 8.54400374531753 38.48376280978771 65.14598989960932 32.802438933713454 42.05948168962618 42.190046219457976 42.05948168962618 16.278820596099706 70.71067811865476 65.92419889539804 44.77722635447622 45.0 68.00735254367721 19.209372712298546 67.26812023536856 77.93587107359485 44.04543109109048 70.0 69.87131027825369 65.45991139621256 67.89698078707183 40.22437072223753 61.84658438426491 57.48912940721924 67.47592163134935 18.35755975068582 26.92582403567252 0.0 36.89173349139343 75.0 27.0 49.64876634922564 33.734255586866 60.29925372672534 68.76772498781678 36.345563690772494 32.31098884280702 16.278820596099706 65.06919393998976 34.058772731852805 69.46221994724903 71.42128534267638 32.2490309931942 43.01162633521314 62.76941930590086 13.92838827718412 57.271284253105414 57.87054518492115 39.05124837953327 44.553338819890925 69.1158447825099 101.6366075781753 102.7861858422619 43.04648650006177 98.60020283954795 93.04837451562494 98.73196037757987 22.360679774997898 56.88585061331157 36.89173349139343 0.0 110.34491379306978 56.302753041036986 61.07372593840988 65.30696746902278 94.64142856064674 104.6900186264192 39.395431207184416 21.470910553583888 37.73592452822641 98.71676655968832 53.33854141237835 103.71113729971339 107.71258050942797 17.0 78.49203781276162 95.44108130150245 50.60632371551998 87.32124598286491 76.11832893594026 28.42534080710379 52.0 103.58571330062848 42.5440947723653 53.71219600798314 86.33075929238663 21.213203435596427 48.27007354458868 71.47027354082255 93.23089616645332 72.80109889280519 75.0 110.34491379306978 0.0 55.80322571321482 75.43208866258443 68.06614430096654 56.04462507680822 8.0 104.0 106.53168542738823 73.7563556583431 60.40695324215582 89.02246907382428 10.0 10.295630140987 107.07474025184464 32.01562118716424 21.095023109728988 63.631753079732135 33.24154027718932 63.198101237299845 111.89280584559492 80.99382692526635 9.055385138137417 62.289646009589745 68.8839603971781 33.24154027718932 49.47726750741192 57.723478758647246 75.59100475585703 43.93176527297759 44.654227123532216 27.0 56.302753041036986 55.80322571321482 0.0 31.304951684997057 47.38143096192854 63.56886030125127 51.478150704935004 63.198101237299845 58.249463516842795 18.601075237738275 69.28924880528002 57.38466694161429 48.104053883222775 55.46169849544819 57.28001396647874 26.248809496813376 39.20459156782532 25.553864678361276 31.38470965295043 33.28663395418648 65.62011886609167 31.400636936215164 48.16637831516918 92.19544457292888 99.62429422585637 18.681541692269406 76.02631123499285 88.54377448471462 106.89246933250256 60.08327554319921 73.55270219373317 49.64876634922564 61.07372593840988 75.43208866258443 31.304951684997057 0.0 77.62087348130012 94.70480452437458 73.824115301167 83.773504164503 72.78049189171504 33.61547262794322 100.46392387319938 83.60023923410746 65.80273550544841 78.63841300535 70.03570517957252 53.33854141237835 54.70831746635972 54.56189146281496 42.720018726587654 17.204650534085253 81.25269226308751 9.486832980505138 66.48308055437865 40.311288741492746 38.47076812334269 72.49827584156743 48.38388161361178 30.479501308256342 34.0147027033899 42.95346318982906 8.54400374531753 33.734255586866 65.30696746902278 68.06614430096654 47.38143096192854 77.62087348130012 0.0 29.966648127543394 60.207972893961475 40.311288741492746 50.53711507397311 47.92702786528704 33.52610922848042 21.95449840010015 67.02984409947557 60.440052945046304 53.31041174104736 42.7551166528639 65.62011886609167 23.323807579381203 66.40783086353596 80.2807573457052 52.20153254455275 74.94664769020693 66.06814663663572 15.132745950421556 8.602325267042627 94.54099639838793 35.11409973215888 8.06225774829855 15.652475842498529 72.42237223399962 38.48376280978771 60.29925372672534 94.64142856064674 56.04462507680822 63.56886030125127 94.70480452437458 29.966648127543394 0.0 48.38388161361178 69.20260110718382 80.49844718999243 71.25307010929424 5.830951894845301 49.678969393496885 59.50630218724736 46.09772228646444 83.2586331859946 45.45327270945405 63.245553203367585 47.01063709417264 69.31089380465383 92.11405973031478 81.83520025025906 94.64142856064674 58.180752831155424 35.35533905932738 46.52956049652737 83.21658488546619 13.341664064126334 40.52159917870962 63.90618123468183 86.83317338436964 65.14598989960932 68.76772498781678 104.6900186264192 8.0 51.478150704935004 73.824115301167 60.207972893961475 48.38388161361178 0.0 96.66436778875658 99.86490875177326 68.81860213634101 52.92447448959697 81.32035415564789 12.806248474865697 5.0990195135927845 100.60318086422517 26.248809496813376 21.840329667841555 56.859475903318 33.24154027718932 63.071388124885914 104.95713410721541 78.587530817554 11.40175425099138 80.61017305526642 77.80102827083971 70.178344238091 86.45229898620394 70.7248188403477 68.0294054067798 24.413111231467404 32.802438933713454 36.345563690772494 39.395431207184416 104.0 63.198101237299845 83.773504164503 40.311288741492746 69.20260110718382 96.66436778875658 0.0 18.027756377319946 50.59644256269407 71.56116265125938 19.72308292331602 100.57832768544127 97.94896630388705 22.47220505424423 73.76313442364011 95.90099061010788 41.773197148410844 92.26592003551474 93.86160024205851 14.142135623730951 76.94153624668537 99.92997548283498 89.87213138676528 89.00561780022652 57.0087712549569 91.43850392476902 80.45495634204272 82.00609733428362 14.317821063276353 42.05948168962618 32.31098884280702 21.470910553583888 106.53168542738823 58.249463516842795 72.78049189171504 50.53711507397311 80.49844718999243 99.86490875177326 18.027756377319946 0.0 42.01190307520001 83.773504164503 34.23448553724738 101.53324578678651 102.00490184299969 4.47213595499958 74.79304780526061 95.0789145920377 43.01162633521314 89.28605714219886 85.21150157109074 8.54400374531753 64.8459713474939 101.11874208078342 73.55270219373317 78.00640999302557 24.596747752497688 64.88451279003334 67.00746227100382 80.52328855678958 28.071337695236398 42.190046219457976 16.278820596099706 37.73592452822641 73.7563556583431 18.601075237738275 33.61547262794322 47.92702786528704 71.25307010929424 68.81860213634101 50.59644256269407 42.01190307520001 0.0 76.53103945458993 50.32891812864648 66.48308055437865 72.40165743959182 40.311288741492746 42.720018726587654 57.8013840664737 25.0 49.64876634922564 43.56604182158393 50.039984012787215 28.284271247461902 66.46803743153546 18.24828759089466 8.246211251235321 100.0199980003999 39.81205847478876 13.45362404707371 11.180339887498949 76.40026177965623 42.05948168962618 65.06919393998976 98.71676655968832 60.40695324215582 69.28924880528002 100.46392387319938 33.52610922848042 5.830951894845301 52.92447448959697 71.56116265125938 83.773504164503 76.53103945458993 0.0 51.86520991955976 64.41273166075166 50.28916384272063 86.7294644281861 51.22499389946279 68.60029154456998 52.03844732503075 74.95331880577403 97.94386147176351 84.59905436823747 100.2845950283492 63.06346010171025 61.71709649683789 58.25804665451803 73.66138744281159 70.00714249274856 51.73973328110612 48.46648326421054 32.57299494980466 16.278820596099706 34.058772731852805 53.33854141237835 89.02246907382428 57.38466694161429 83.60023923410746 21.95449840010015 49.678969393496885 81.32035415564789 19.72308292331602 34.23448553724738 50.32891812864648 51.86520991955976 0.0 86.97700845625813 81.93289937503738 38.05259518088089 61.07372593840988 84.02380615040002 32.28002478313795 82.60750571225353 90.33825324855468 33.24154027718932 78.56844150166147 86.14522621712709 47.43416490252569 58.52349955359813 77.41446893184762 24.698178070456937 51.478150704935004 75.15317691222374 87.8179936004006 70.71067811865476 69.46221994724903 103.71113729971339 10.0 48.104053883222775 65.80273550544841 67.02984409947557 59.50630218724736 12.806248474865697 100.57832768544127 101.53324578678651 66.48308055437865 64.41273166075166 86.97700845625813 0.0 17.4928556845359 101.71037311896953 26.92582403567252 11.180339887498949 59.23681287847955 23.345235059857504 53.23532661682466 107.42439201596628 71.69379331573968 1.4142135623730951 32.31098884280702 43.46262762420146 87.5956619930462 12.165525060596439 38.47076812334269 61.40032573203501 89.27485648266257 65.92419889539804 71.42128534267638 107.71258050942797 10.295630140987 55.46169849544819 78.63841300535 60.440052945046304 46.09772228646444 5.0990195135927845 97.94896630388705 102.00490184299969 72.40165743959182 50.28916384272063 81.93289937503738 17.4928556845359 0.0 102.9417310909429 29.68164415931166 26.92582403567252 59.033888572581766 38.3275357934736 68.11754546370561 106.78014796768171 83.19855767980596 16.1245154965971 92.11405973031478 91.706052144883 53.75872022286245 92.65527507918802 82.85529554590944 85.37564055396598 13.892443989449804 44.77722635447622 32.2490309931942 17.0 107.07474025184464 57.28001396647874 70.03570517957252 53.31041174104736 83.2586331859946 100.60318086422517 22.47220505424423 4.47213595499958 40.311288741492746 86.7294644281861 38.05259518088089 101.71037311896953 102.9417310909429 0.0 75.16648189186454 94.847245611035 43.93176527297759 88.54377448471462 83.02409288875127 12.206555615733702 61.84658438426491 101.35580891098448 39.56008088970496 48.373546489791295 59.22837157984339 23.345235059857504 38.01315561749642 60.108235708594876 61.29437168288782 45.0 43.01162633521314 78.49203781276162 32.01562118716424 26.248809496813376 53.33854141237835 42.7551166528639 45.45327270945405 26.248809496813376 73.76313442364011 74.79304780526061 42.720018726587654 51.22499389946279 61.07372593840988 26.92582403567252 29.68164415931166 75.16648189186454 0.0 23.021728866442675 32.31098884280702 24.698178070456937 47.4236228055175 80.52949770115296 56.08029957123981 26.40075756488817 53.03772242470448 63.702433234531945 66.88796603276258 30.610455730027933 55.21775076911409 78.77182237323191 81.02468759581859 68.00735254367721 62.76941930590086 95.44108130150245 21.095023109728988 39.20459156782532 54.70831746635972 65.62011886609167 63.245553203367585 21.840329667841555 95.90099061010788 95.0789145920377 57.8013840664737 68.60029154456998 84.02380615040002 11.180339887498949 26.92582403567252 94.847245611035 23.021728866442675 0.0 54.12947441089743 12.165525060596439 42.1070065428546 101.51354589413178 60.83584469702052 12.041594578792296 51.54609587543949 54.3323108288245 49.39635614091387 48.79549159502341 43.73785545725808 55.54277630799526 30.4138126514911 19.209372712298546 13.92838827718412 50.60632371551998 63.631753079732135 25.553864678361276 54.56189146281496 23.323807579381203 47.01063709417264 56.859475903318 41.773197148410844 43.01162633521314 25.0 52.03844732503075 32.28002478313795 59.23681287847955 59.033888572581766 43.93176527297759 32.31098884280702 54.12947441089743 0.0 51.0098029794274 58.83026432033091 48.30113870293329 51.62363799656123 58.69412236331676 61.032778078668514 71.06335201775947 55.80322571321482 39.81205847478876 61.5223536610881 84.38601779915912 75.0 67.26812023536856 57.271284253105414 87.32124598286491 33.24154027718932 31.38470965295043 42.720018726587654 66.40783086353596 69.31089380465383 33.24154027718932 92.26592003551474 89.28605714219886 49.64876634922564 74.95331880577403 82.60750571225353 23.345235059857504 38.3275357934736 88.54377448471462 24.698178070456937 12.165525060596439 51.0098029794274 0.0 30.01666203960727 96.317184344228 49.24428900898052 24.186773244895647 86.92525524840292 95.71311299921238 35.34119409414458 67.91170738539859 85.0881895447306 105.80170130957252 71.56814934033156 77.93587107359485 57.87054518492115 76.11832893594026 63.198101237299845 33.28663395418648 17.204650534085253 80.2807573457052 92.11405973031478 63.071388124885914 93.86160024205851 85.21150157109074 43.56604182158393 97.94386147176351 90.33825324855468 53.23532661682466 68.11754546370561 83.02409288875127 47.4236228055175 42.1070065428546 58.83026432033091 30.01666203960727 0.0 93.43446901438462 26.419689627245813 54.147945482723536 92.31467922275417 90.4267659490264 65.55150646628954 95.80187889597991 82.61961026293939 81.70679286326198 22.0 44.04543109109048 39.05124837953327 28.42534080710379 111.89280584559492 65.62011886609167 81.25269226308751 52.20153254455275 81.83520025025906 104.95713410721541 14.142135623730951 8.54400374531753 50.039984012787215 84.59905436823747 33.24154027718932 107.42439201596628 106.78014796768171 12.206555615733702 80.52949770115296 101.51354589413178 48.30113870293329 96.317184344228 93.43446901438462 0.0 73.37574531137656 106.92988356862641 93.64827814754524 100.22474744293447 9.219544457292887 79.30952023559341 89.05054744357274 105.84894897919393 52.80151512977634 70.0 44.553338819890925 52.0 80.99382692526635 31.400636936215164 9.486832980505138 74.94664769020693 94.64142856064674 78.587530817554 76.94153624668537 64.8459713474939 28.284271247461902 100.2845950283492 78.56844150166147 71.69379331573968 83.19855767980596 61.84658438426491 56.08029957123981 60.83584469702052 51.62363799656123 49.24428900898052 26.419689627245813 73.37574531137656 0.0 72.2357252334328 46.04345773288535 57.14017850864661 77.82673062643708 23.323807579381203 50.15974481593781 73.824115301167 87.46427842267951 69.87131027825369 69.1158447825099 103.58571330062848 9.055385138137417 48.16637831516918 66.48308055437865 66.06814663663572 58.180752831155424 11.40175425099138 99.92997548283498 101.11874208078342 66.46803743153546 63.06346010171025 86.14522621712709 1.4142135623730951 16.1245154965971 101.35580891098448 26.40075756488817 12.041594578792296 58.69412236331676 24.186773244895647 54.147945482723536 106.92988356862641 72.2357252334328 0.0

rob_x  50 50 50 50 50 50 50 50 50 50 50 50 50 50 50 50 50 50 50 50 50 50 50 50 50 50 50 50 50 50 50 50
rob_y  50 50 50 50 50 50 50 50 50 50 50 50 50 50 50 50 50 50 50 50 50 50 50 50 50 50 50 50 50 50 50 50
rob_vel  1 1 1 1 1 1 1 1 1 1 1 1 1 1 1 1 1 1 1 1 1 1 1 1 1 1 1 1 1 1 1 1
rob_abi  0.018573770561405918 0.026561089878683324 0.013015748764057183 0.02947179185004673 0.04239318494719536 0.03827288922403939 0.03356411283106661 0.048168582614332656 0.010563976592451873 0.016413669069398718 0.029451668741783114 0.02913723959212812 0.03258152893831993 0.03864440875692878 0.03654020437455584 0.013826315880826529 0.0450076777308456 0.04750018970390684 0.011196371612112909 0.04339684869578304 0.03418577824871843 0.030222496012369995 0.023429435944048595 0.0391418235672195 0.04834587690647443 0.020505425435173814 0.02055341399100543 0.02185438395124636 0.021157978604040766 0.010870355320424858 0.014325749534115464 0.034150119949441095

tsk_x  95 100 0 81 89 100 24 58 33 2 78 33 5 66 93 78 38 21 22 98 55 68 83 17 58 57 46 45 15 24 2 69
tsk_y  40 50 38 22 48 69 77 71 61 81 1 34 20 68 55 9 97 91 49 58 87 1 10 89 26 3 56 5 6 99 29 2
tsk_rat  0.00916583376436099 0.005842489387594242 0.007861320728736815 0.006726690729056147 0.00856340599020681 0.004861886181547104 0.00129506558509753 0.008512035601424045 0.008540946485417193 0.005723345994735502 0.0014828024333442677 0.0040637399539417566 0.003086556575768657 0.0017350697656518328 0.006343890138762657 0.006277727124593283 0.007723179129636698 0.004645318090325248 0.0017669422447500085 0.008827909771067892 0.007891622288384527 0.009846206673782717 0.007147381357295535 0.00454393911894704 0.0029735018761678153 0.005094838844519739 0.004883595939572795 0.002230192542596169 0.0025441943222107256 0.005260240603768126 0.0041799031474695145 0.0074611723734427
tsk_state  1 1 1 1 1 1 1 1 1 1 1 1 1 1 1 1 1 1 1 1 1 1 1 1 1 1 1 1 1 1 1 1
